"e11" "e12" "e13" "e14" "e15" "e16" "e21" "e22" "e23" "e24" "e25" "e26" 
1.177506017 1.839257771 1.120258136 0.308477431 0.422565924 1.167633788 1.627118549 1.734207548 1.621149284 0.78656213 1.389379516 1.243942052
1.050516883 0.596618307 1.043677538 1.012439553 1.867194762 1.154564349 0.920156167 1.38397474 0.957446351 0.738903542 0.915989995 1.334601759
1.835111107 0.721754466 1.7517814 1.127205903 1.611014105 2.438100303 2.397201664 1.018487804 2.409768319 1.510464323 1.965362232 2.808284673
1.92129922 1.975662568 1.919288475 1.131934339 1.434595042 1.907968685 1.757842579 1.731968244 1.744885612 1.309488742 1.17318784 1.748347046
1.683603889 1.904389908 1.632526303 1.067491741 1.133168322 1.369168714 1.487146873 1.616163863 1.6644539 1.150215052 1.095460743 1.424805838
0 0 0.055967155 2.095563913 1.674686534 0.251961595 0 0.033142773 0 1.767970505 1.148678486 0.035362518
0.12738165 0.35050526 0.246745795 0.044919275 0 0 0.35907337 0 0.207842772 0.113970508 0.047464891 0.043991657
1.412379714 0.07460939 1.234226383 0.612012386 0.274970928 1.415274386 1.727567306 0.345069897 1.33365222 0.440387086 0.909806323 1.723595369
0.212975766 0.023215062 0.376506433 0.164573103 0.269637799 0.274571567 0.893288831 1.312318003 0.952922003 0.525219755 0.658225044 1.284408812
0.50328605 0.072533352 1.317770867 1.094316129 0.496716316 0.36831968 0.776574744 0.742553364 0.46241938 0.258441548 0.151613185 0.887977677
2.373002837 1.417345313 2.228555552 1.699419928 2.188997793 2.094789392 2.628814402 2.195665534 2.754583515 1.920242817 2.24552506 2.323038121
1.309079078 1.317818062 1.283357938 1.475801071 1.349920518 1.448270325 1.870312655 1.894838332 2.08678791 1.388263785 1.518379968 2.009286037
1.179159092 1.486048243 1.237259149 1.014849017 1.134867594 1.366269893 1.462530445 1.741515957 1.559124974 1.453053657 1.076163088 1.737079296
1.453854797 2.218758567 1.35496483 1.694097898 1.526334894 1.671303647 1.639082466 2.366154253 1.495296023 1.601992025 1.456538162 1.543179912
0.982148744 1.16667183 0.937406848 0.863830066 1.071991088 1.004455913 1.242602197 1.591198489 1.398401848 1.270797404 1.649778632 1.401233495
1.875852371 0.64227951 1.830151967 1.433636499 1.696109561 2.262505257 1.808198942 0.960081313 1.526214838 1.595367556 1.896173385 2.079947411
1.044572896 1.487973313 1.083439889 0.837200085 0.969393249 1.085713677 1.135580936 1.632334284 1.231366708 1.58617323 1.255449751 1.133273551
1.619641871 1.888511633 1.677827833 1.299663618 1.297070329 2.147225936 1.735118796 1.529220259 1.502960066 1.692426362 1.228082229 1.963928486
1.654866903 1.248571065 1.691424477 1.609181619 1.597941229 1.408741178 1.565279077 1.740050472 1.474112339 1.790142045 1.781926208 1.646460625
1.752279761 1.443218941 1.818543697 1.245402995 1.463842909 1.373716499 1.694042708 1.795136251 1.742254768 1.46815286 1.495856705 1.490911372
1.520276928 1.624056847 1.421195652 0.487722279 1.069390079 1.490756085 1.615162137 1.75215254 1.574877246 1.268560125 1.276395533 1.555143004
0.29633454 0.082184745 0.388628183 0.014201526 0.060229614 0.266491785 0.853137885 0.076337183 0.940442985 0.232829753 0.278201008 0.647185169
1.794894134 0.364755206 1.628706683 0.324138951 0.238376616 1.828425966 2.184605423 0.776227863 1.90303001 0.328582595 1.17259385 2.166731928
1.570467231 0.403346764 1.689903494 0.764717089 1.328472368 1.539224222 1.399756356 0.281697428 1.366233361 1.27661634 0.916344033 1.637417198
1.29613594 0.213480558 1.648080084 0.274002382 0.305057806 1.322647993 1.44160078 0.594343213 0.988526173 0.671255712 0.731232243 1.747222938
0.245111968 0 0.081611284 1.783419034 1.427659355 0.018505095 0.477659585 0 0.541159354 1.551823651 0.611201701 0.326928725
0.969627527 1.841899437 0.896988365 1.610673034 1.34796879 1.301274179 1.033395256 1.85009131 0.816987963 1.63506596 1.314625404 1.170442119
1.364469425 1.5505138 1.430059381 1.447874034 2.004289301 1.522342346 1.699648776 2.007205325 1.498973655 1.725159946 2.368107113 1.717293342
1.837665088 1.892085575 1.827862234 1.530490766 1.593512616 1.637149953 1.866293785 2.06906826 1.922684096 1.39851413 2.310378334 1.747958583
1.525746576 1.665052673 1.568815683 1.035105 1.359388236 1.332476754 1.204771815 1.63407122 1.276432017 1.305477026 1.363984354 1.453118301
0.899267753 0.971728416 0.978768368 0.710147628 0.715253472 0.723717001 0.802004766 1.063143265 0.884576007 0.90878518 0.491080088 0.670557171
1.000868857 0.203503882 1.112678569 0.206957019 0.213869251 0.270996974 1.092931288 0.676814479 1.14568537 0.766954178 0.180219943 0.625071112
0.754426903 1.141721794 0.894568517 1.372976174 1.002556848 0.818953032 1.229856789 1.625964208 0.99041659 1.207565853 0.966193609 0.878254532
1.390085729 1.121140635 1.45391725 0.303579256 0.622818447 1.117959951 1.554789876 1.367603597 1.594938295 0.872477963 0.849870962 1.228826911
1.77322694 1.816786906 1.794498158 1.114548785 1.382826852 1.464091672 2.155963793 2.451043859 2.173888077 1.613832724 1.824251177 2.012803735
1.607425139 1.735824461 1.644947688 1.97808435 1.82185309 1.594609987 1.700737541 1.812641259 1.728960127 1.902378327 1.831480989 1.584265588
1.021681872 0.557910757 1.057819319 0.781427162 0.643148528 1.12295311 1.217554606 0.870462091 1.235913062 1.223856386 1.143231671 1.434212209
1.522334499 0.989028835 1.592091569 0.676904305 0.959736063 1.370819241 1.399055938 1.257621249 1.539890801 0.869156933 1.034929009 1.26468286
0.826795319 1.234157023 0.795384944 0.959324884 1.525534637 0.707053196 1.135770685 1.645609801 1.16493195 1.627945649 2.021189899 1.026503587
0.615815087 1.165027145 0.589840478 0.355291459 0.187337963 0.60463405 0.946615181 1.502402745 0.989567338 0.74980413 0.772558131 1.071366038
0.338814854 1.065412065 0.468381163 1.4516519 0.864761438 0.407981234 0.616143122 1.500488258 0.458060319 2.169240804 1.541966063 0.648176973
1.049674562 0.984170573 1.020149113 0.946028732 0.954659116 0.670277654 1.313332656 0.966455498 1.398903369 1.186745773 1.398683226 1.31434563
0.752451103 0.322401443 0.623694555 1.250640561 0.949575961 0.496702932 1.404835698 0.861180869 1.39589616 1.500965914 1.178351561 1.302715896
1.148455587 1.288266774 0.88015537 0.430202694 0.41267822 1.036542743 0.816120745 1.347508565 0.617505983 1.045916368 1.024542271 1.159105078
1.00110822 0.881828271 0.727834602 1.040106129 0.805086275 0.851112878 1.751343178 1.401284616 1.916859508 1.635406951 1.687043717 1.647828698
1.935247926 2.237807799 1.891396539 1.17687947 1.49712855 1.859854053 1.975404339 2.223093016 2.094610874 1.50518547 1.99263408 1.85957757
1.919899837 2.273323891 1.945669661 2.016575328 2.922754601 2.109514926 1.941645664 2.353675563 1.7991679 2.373363023 3.070097904 2.283971455
1.196455505 0.29872051 1.218965758 0.119203869 0.294619663 0.871994599 1.536083068 0.970072492 1.548793829 0.580548051 1.294109936 1.912041069
1.975795611 2.088566316 2.024287372 2.420969978 2.085601622 1.938680804 2.430933068 2.510831923 2.60321043 2.825323565 2.435432056 2.223912235
2.675715068 2.292627302 2.746389291 2.273986966 2.30635642 3.019827369 3.624751137 3.219823101 3.652193161 2.874622824 3.030828483 3.712055122
2.155790469 0.550719293 2.051830681 0.655190732 0.774411388 2.081527521 2.122377953 0.820849248 1.465563345 0.750748038 1.194969329 2.210278797
1.056534117 1.753659795 0.940468361 1.110851646 1.50318912 1.253950168 1.381839847 1.898285447 1.528329826 1.523979119 1.982779519 1.454420769
1.707292161 0.728317099 1.677205904 1.148840423 1.577626996 1.546359108 2.100815835 2.028344877 2.331784051 1.58123516 1.518229826 1.885195523
0.742309232 0.940681781 0.846444322 0.553086991 0.469211292 0.56274691 0.965301015 1.481425711 0.915134434 1.342778473 0.872174414 0.904543795
1.300124639 1.655176015 1.378304659 0.675704679 0.863876639 1.199917034 1.24527973 2.066502273 1.23626133 1.266111762 1.101745965 1.205358689
1.017704244 0.907811349 0.855577018 1.092226764 0.505744857 1.337816221 1.404324836 1.350874225 1.398653711 1.279711091 1.094782604 1.858214244
1.198758282 1.996312044 1.17525828 1.396060547 0.992980291 1.348408208 1.110525954 2.017747163 1.073431567 1.218631878 0.811422785 0.883534775
0.9392885 0.817387371 0.892942978 0.663459709 0.857727045 0.694695965 1.001681767 1.557936596 0.96989087 1.046892518 1.435943308 1.428319184
1.441105918 1.910603674 1.507048807 0.921324735 1.159585378 1.436032383 1.261614127 2.133394788 1.176106273 1.336223528 1.155147348 1.312848237
1.637053736 1.253881251 1.667532327 1.149190042 1.231186793 1.387933929 1.436958513 1.442008621 1.45461568 1.427449125 0.9386816 1.284461392
1.297378783 1.381945194 1.308332202 1.147836401 1.286877508 1.366057137 1.611218001 1.781247355 1.598809632 1.389253742 1.705770555 1.699233514
0.700819151 1.352936038 0.838080795 1.20120276 0.823706411 0.697082615 0.961317677 1.871907319 0.822687711 0.894286454 1.161808934 1.056541446
0 0 0.016655566 1.966891532 1.298184973 0.128454379 0.050209845 0.158379793 0.137029884 2.124877559 1.575136792 0.319695384
1.074558882 1.44623431 1.162069188 0.507974608 0.724554518 1.034882832 1.140971142 1.778904117 1.050835441 1.097486666 0.90425129 1.052688274
1.35900591 1.177170972 1.464245574 1.251161682 1.467868083 1.211472073 1.270084752 1.158874575 1.244287744 1.430356222 1.434248426 1.426920478
0.912940485 0.66145392 1.051353369 0.271410456 0.554526773 0.618171203 1.810617509 1.570630552 1.94615183 1.354408048 0.994345554 1.413295652
1.734324357 1.250220862 1.828368418 1.153776745 1.046424274 1.587061452 1.861677331 1.420022617 1.771778585 1.478897495 1.04970897 1.823701284
1.694102609 1.269928882 1.680597684 1.313158554 1.580796599 1.563593036 2.424268657 1.823974135 2.493511664 1.693629922 2.200977891 1.937180021
1.445450145 1.9428895 1.426295577 1.708611403 1.930584036 1.684539954 1.869613854 2.299492975 1.763901059 2.009938731 1.968513113 1.841570618
0.753653355 0.93956071 0.64421342 0.415503142 0.356042801 0.55027995 1.030890742 1.491712194 1.065777715 1.44673166 1.044114753 0.897615523
1.649139928 1.91153634 1.701380301 1.340713815 1.432395998 1.607152989 1.894343601 2.504363322 1.819287029 1.820033615 1.845885379 1.831933377
0.342114689 0.210810074 0.356029866 0.168831367 0.066946614 0.533525593 0.622977922 0 0.397656749 0.104701445 0.024724281 0.957415429
2.374031014 2.112809649 2.353430853 1.82450257 2.446988266 2.155313297 2.040105885 2.324266846 2.035502846 2.117743777 2.546461145 2.411412361
1.340695433 1.522715151 1.233634781 0.952631333 0.82601852 1.239339272 1.591223859 1.31582282 1.814047844 1.155066788 0.778641757 1.425263691
0.566159911 1.844566344 0.691783131 1.130864353 0.843520243 1.065663661 0.854125828 1.995148969 0.918458616 1.496966991 1.212368147 1.114471087
0.103041089 0 0.061708102 2.37818526 1.677813927 0.015505636 0.225399276 0.134928381 0.280557667 2.424325628 1.84898845 0.252910395
1.939733594 0.131404112 1.918313913 0.416463023 0.190643941 0.935297032 2.452071746 0 2.526891494 0.182506767 0 1.763988316
0.752139758 0 0.774943428 0.06077492 0.470718451 0.740049391 0.759534463 0 0.77750076 0.384723649 0.499368355 1.095423329
0.320037915 0.971265644 0.62455519 1.040209723 0.672832923 0.300628845 2.367836381 2.223619164 2.465224805 2.03573661 2.09685786 1.990358542
1.06501546 0.36989111 1.212571048 1.643586336 1.373023432 0.220880448 0.998596453 0.014911512 1.092486034 0.016625614 0.040504497 0.56109513
0 0 0 1.62775597 0.816524049 0 0 0 0.200644124 1.971050464 1.511373745 0.220948383
1.253617092 0.290315838 1.131965912 0.567744021 0.833162424 1.082713688 1.591708415 0.221030264 1.306791229 0.427569911 0.88037313 1.749772431
0.408514693 0.361527365 0.211254832 1.192063908 1.299875421 1.159892569 1.372133398 1.046432656 1.362134084 0.8581981 1.43479172 1.559557338
1.817304668 0.105083128 1.793888998 0.062755104 0.257985425 0.973792607 1.792084463 0 1.950235015 0.077686685 0.031051044 1.079319521
0 0 0.043104109 1.391579459 0.286915892 0 0.070221825 0 0.135293276 1.671298926 0.981965196 0.171758428
0 0 0 0.432151676 0.141840656 0.004196235 0.058613157 0.165218367 0.05200012 0.396930439 0.111620032 0.106159941
0.527540703 1.143632376 0.576606714 0.251502835 0.382795011 0.38829481 0.780850036 1.728725484 0.698559175 0.695561947 0.662743161 0.74205347
1.024216225 1.02773034 0.888964937 1.138951443 0.842624267 1.034411574 1.281040511 1.019297104 1.343360407 0.792975761 0.631626514 1.099452395
0.032782423 0.090037395 0 2.108346491 1.474050762 0 0.079592317 0 0.039618035 1.855966494 1.467501376 0.116460374
1.025057314 1.177718628 1.067119055 1.212050011 1.056090806 1.099650051 1.322688209 1.283281002 1.421220937 1.184801176 1.064761313 1.112101282
3.072715254 2.859570879 3.270998911 2.613743043 2.664628397 3.258255194 3.087754291 2.909622763 3.016550369 3.021959583 2.948583537 3.329652315
0.744658595 1.131874305 0.546022655 1.506645542 1.040386637 0.401604149 0.709578085 1.228413749 0.794424005 0.843027599 0.487784855 0.580193913
1.508092937 1.545484037 1.494638344 1.30015775 1.6121217 1.474744989 1.915459903 1.734432665 1.938868346 1.552430946 1.785924262 1.832965349
1.321510014 1.768336309 1.352055524 1.108408585 1.238569004 1.379392751 1.553590777 1.957778057 1.605927745 1.530130545 1.492991592 1.554571453
0.983468656 0.555106448 1.056393839 0.086179577 0.036518017 0.014973028 1.239378563 0.015675437 1.293029113 0.059296931 0.539457688 0.862964311
1.296377789 1.473625542 1.477646319 1.416383397 1.604061384 1.354438949 1.762779644 1.958738303 1.792361039 1.468959353 1.757370289 1.766441706
0.995359174 1.631258212 1.05385485 1.33520509 1.274938365 1.128234374 0.929954069 1.645965567 0.838314274 1.526900703 0.908151752 0.982171542
1.860805648 1.505799352 1.852318651 1.622537864 1.937917692 1.850376765 1.392740858 1.468954805 1.523928359 1.380899164 1.690044869 1.678908746
1.06279963 1.310543813 0.988696348 1.089797606 0.762756417 0.985329465 1.212493894 1.857871251 1.17590396 1.69939208 1.505646261 1.392829041
0.775657424 1.090525652 0.630399932 0.724807627 0.642402084 0.472599299 2.285492281 2.273257691 2.434153385 1.640502329 2.229555659 1.810470968