"Class" "e11" "e21" "e12" "e22" "e13" "e23" "e14" "e24" "e15" "e25" "e16" "e26" "Theta11" "Theta12" "Theta13" "Theta14" "Theta15" "Theta16" "Theta21" "Theta22" "Theta23" "Theta24" "Theta25" "Theta26"
1 1.30031841888586 0.177113229584606 4.8326226678634 4.83488098846779 1.46193834804469 1.4791659767063 1.88031194153306 2.01195997320844 0.264677305493677 0.315624222284306 2.99034960820148 4.28304399511994 0.163012284319848 4.82894550892524 1.47204694454558 1.95501696667634 0.314983522985131 4.51360871898942 0.163012284319848 4.82894550892524 1.47204694454558 1.95501696667634 0.314983522985131 4.51360871898942
1 2.93936018515264 3.01019950915513 2.73801341879749 2.51175461025686 7.29746919323875 6.22674437748963 1.20979076363721 1.08468271524724 0.609487950114191 0.218702691637447 1.28768015736602 0.861337916032055 2.97627380001359 2.5454712077044 4.06077320571057 0.947174405446276 0.334615883184597 1.80129113025032 2.97627380001359 2.5454712077044 4.06077320571057 0.947174405446276 0.334615883184597 1.80129113025032
1 1.06821864226064 1.34834249071185 4.69689844966237 4.70517528557655 1.70207181163726 1.8399009839281 3.69808779311129 1.96886437343228 1.66207088570338 1.85068334979979 2.01405548203608 8.00141788887613 1.88925472670235 4.70399156212807 1.87272520386614 4.50900965253823 1.53199466411024 4.58093418157659 1.88925472670235 4.70399156212807 1.87272520386614 4.50900965253823 1.53199466411024 4.58093418157659
1 0.535024319542171 0.442986972765306 1.68640229910245 1.81587996767038 2.15932138220147 2.16762427057347 0.677093027763861 0.375184207416621 4.64550024481278 4.89754092349232 3.64056821833928 7.5775072797167 0.519245342584327 1.78325768443756 2.15736671118066 0.59450019383803 2.11548313149251 4.39080914366059 0.519245342584327 1.78325768443756 2.15736671118066 0.59450019383803 2.11548313149251 4.39080914366059
1 0.877648573948689 0.837042680580355 4.9965672356669 5.02753533095695 0.251747563942207 0.192623215457612 3.06237551849587 2.19424134793295 3.72151324496518 3.42138022233065 3.13335940467518 3.13298221993888 0.888522723689675 4.99461433151737 0.24422567919828 2.56453024456277 3.46948100137524 3.12973718857393 0.888522723689675 4.99461433151737 0.24422567919828 2.56453024456277 3.46948100137524 3.12973718857393
1 1.37846633326286 1.37422996190709 1.13674436376397 0.832702604986339 0.183923917569885 0.23861793513029 0.108286821890594 0.0976319256593346 6.89080336893822 5.25218591229215 3.30813601643937 3.39701965328939 1.36995076551102 1.07851589564234 0.248532207915559 0.135990544222295 3.8117121020332 3.39551215642132 1.36995076551102 1.07851589564234 0.248532207915559 0.135990544222295 3.8117121020332 3.39551215642132
1 2.31371391693271 2.50367590971346 2.5043736276449 1.81676521847564 -0.147130574591127 -0.48582086472823 1.63399953194428 -0.199379811922297 -0.116628358398036 0.772758412024733 1.51005949399065 1.61230938024848 2.10450364393182 2.19356007874012 0.677568180253729 0.473143664421514 0.000807860633358359 3.28087227069773 2.10450364393182 2.19356007874012 0.677568180253729 0.473143664421514 0.000807860633358359 3.28087227069773
1 2.91833312716352 2.94412773889086 0.299680815907837 0.232651012559483 2.79091236917051 2.5850181190963 1.10744818771262 7.4427288875295 1.07585400115306 1.05047394721196 0.574981684953057 0.484966710334029 2.95867681852542 0.244451730977744 3.18300053826533 4.48185403365642 1.07168682618067 0.524108133977279 2.95867681852542 0.244451730977744 3.18300053826533 4.48185403365642 1.07168682618067 0.524108133977279
1 3.4726015231586 4.3805787219845 3.9793515864606 4.19181898484779 4.44983666923426 4.3473818411084 2.42800710216479 2.62475138860069 0.838635697407147 0.818371529759212 1.2987078181354 0.859315239980032 4.00926568661816 4.03793835197575 4.30519190733321 2.50986929982901 0.820950107881799 0.867598043987527 4.00926568661816 4.03793835197575 4.30519190733321 2.50986929982901 0.820950107881799 0.867598043987527
1 -2.66682748208076 -4.36758675420443 4.36973260352584 4.50822250063056 -0.241687199622211 0.160222322162276 2.14934219574053 1.44200979863892 3.31937985032279 3.32157598060993 3.86156202296759 3.25506772525168 1.21309528592974 4.69900159048848 0.0671374413650483 1.7252921871841 3.32063176902011 2.8138506738469 1.21309528592974 4.69900159048848 0.0671374413650483 1.7252921871841 3.32063176902011 2.8138506738469
1 0.378584726830137 3.20912959819572 1.12262192279367 1.29133614853902 -0.262847004493916 1.70562472423519 1.65498018799346 1.70423550250979 3.99472089866281 4.00651153185533 4.79019290751044 4.99041967283978 2.16882038395852 1.18715289514512 1.41936760977842 1.65770809049718 3.97609101724811 4.80956710525788 2.16882038395852 1.18715289514512 1.41936760977842 1.65770809049718 3.97609101724811 4.80956710525788
1 -1.68839564912755 0.781033982820309 0.475405245509637 0.51693592801799 0.0841288496896549 0.120485111577451 0.809598360576714 1.51316870231137 4.7459278166696 4.69548339400414 -6.4403899020855 -15.7207403301531 2.23450663499534 0.492813416058198 0.0908065983094275 1.69915261794813 4.76199811324477 3.46679871669039 2.23450663499534 0.492813416058198 0.0908065983094275 1.69915261794813 4.76199811324477 3.46679871669039
1 0.105612762243697 4.45451327205041 2.90993432305695 2.89905083701929 2.47023332090303 3.44276535019594 0.69829660472076 0.711410452985392 3.07243746042221 3.14982141811157 1.92665185130673 1.90834022859757 1.71707714092918 2.90308261755854 0.21448458195664 0.723383064614609 3.15471317269839 1.92380508524366 1.71707714092918 2.90308261755854 0.21448458195664 0.723383064614609 3.15471317269839 1.92380508524366
1 0.818494509672249 0.808185144255983 2.65002909168594 2.65631271367378 1.73014836984452 1.74421396641449 4.17906037939824 4.01741428537201 1.50591924149572 1.6671819149858 -0.254922097480838 0.475525761477357 0.807143703568727 2.77510158135556 1.73375634592958 4.10311296349391 1.42401831340976 0.485825832001865 0.807143703568727 2.77510158135556 1.73375634592958 4.10311296349391 1.42401831340976 0.485825832001865
1 1.52487940714311 1.55198618289453 4.99438470709029 4.98858531379194 1.71416026386551 1.73014396034676 1.03928811966418 1.03397187069886 0.80969098703446 1.85859789801017 6.39102639006578 3.87286619040573 1.55351884663105 4.99467298272066 1.72481319052167 1.09680449240841 1.22750896727666 2.16541230445728 1.55351884663105 4.99467298272066 1.72481319052167 1.09680449240841 1.22750896727666 2.16541230445728
1 1.14801866096977 1.13967006415888 1.28658403460478 1.26856199803609 0.804596314373122 0.766368135977373 -14.2117278038288 -29.6118796910394 0.911040266500244 0.880358977251969 3.13346099723571 3.20351244344831 1.13703335518949 1.31175828399137 0.752886639675125 1.57386904931627 0.891268386039883 3.50738078937866 1.13703335518949 1.31175828399137 0.752886639675125 1.57386904931627 0.891268386039883 3.50738078937866
1 3.28637011078907 4.21680789760196 -1.79450995394815 -0.381441902783774 0.246191352088802 0.522734666669405 1.12884565056532 0.407467759596841 3.33787004181504 3.32617329629752 4.53768406568419 4.15580661226355 4.49059046222828 0.258429369423538 0.507151710335165 0.761796311708167 3.33495347527787 4.18955458444543 4.49059046222828 0.258429369423538 0.507151710335165 0.761796311708167 3.33495347527787 4.18955458444543
1 4.76283111107999 4.78826801137068 -4.04780644939798 -4.1958448977509 6.33469382227332 -12.0618053005861 0.620654600375884 0.650046726430288 2.56193359696759 2.49207062683365 4.11835392872158 3.6983443953114 4.81611342169344 1.06156858615577 2.59687169454992 0.644149463623762 2.50003264518455 4.01901960955001 4.81611342169344 1.06156858615577 2.59687169454992 0.644149463623762 2.50003264518455 4.01901960955001
1 11.0134551406668 -3.98461371586111 -0.821200601305236 1.57029587870211 1.770662138169 2.25432702409326 1.43302505712123 1.78307426478442 1.78161753419913 1.84063456089589 1.33227415731038 0.83339820763732 1.89395416062325 1.17243986809626 1.7114043131005 1.79089141893201 1.91491861478426 1.5889463503845 1.89395416062325 1.17243986809626 1.7114043131005 1.79089141893201 1.91491861478426 1.5889463503845
1 4.92469124433815 5.00905645116107 4.84907170532007 4.79483733264339 1.39668175672259 1.46021908067965 1.1767108332982 1.17126275858751 4.64185790653409 4.09641338235094 3.17584010714394 19.4050382437477 4.88709478522651 4.80285592377186 1.41514555900358 1.17137607303448 4.60289536742494 3.70444251107983 4.88709478522651 4.80285592377186 1.41514555900358 1.17137607303448 4.60289536742494 3.70444251107983
1 1.81239724233739 0.604336473012572 4.08132389988581 4.56501771674163 1.12298801439388 1.12732549767135 -1.74596769847079 -2.83647461975957 1.75099251999229 -0.114808524416262 -0.235538532622501 2.76578522634521 0.0114068330731243 4.42036882042885 1.1114656960126 2.89229141897522 1.25655826064758 2.61264335829765 0.0114068330731243 4.42036882042885 1.1114656960126 2.89229141897522 1.25655826064758 2.61264335829765
1 4.49878149848242 4.51876140429423 3.97858627232392 3.96665799353641 4.6253049832551 4.98258234775354 4.78498826457061 4.44527530239529 -1.55075279564174 2.74756711758738 1.08163175277644 -0.217602679354205 4.48628621292301 4.00628154398873 4.65588140999898 3.96818027948029 0.81096941139549 3.48032245994546 4.48628621292301 4.00628154398873 4.65588140999898 3.96818027948029 0.81096941139549 3.48032245994546
1 2.27350094670098 2.21980122319803 5.58676433419889 3.90214316680305 1.49610493749818 1.41869401731444 0.0560677087007694 0.119910838416168 3.91078316329023 5.20390665116879 5.67555425420007 3.16701292126035 2.18976605217904 4.09231398720294 1.71593208680861 0.0545739661902189 4.1267953813076 4.01183971320279 2.18976605217904 4.09231398720294 1.71593208680861 0.0545739661902189 4.1267953813076 4.01183971320279
1 3.73957515445604 3.76700575892746 2.50370777271583 2.51945910397308 0.873460717467655 1.12491303973249 2.91195820669339 2.7644527241108 0.478133055599116 0.651331090476923 4.51840871905532 4.44129369138155 3.75056308810599 2.51974531332962 0.974994521820918 2.54407687461935 0.478983746143058 4.40902649774216 3.75056308810599 2.51974531332962 0.974994521820918 2.54407687461935 0.478983746143058 4.40902649774216
1 -4.06993116877831 21.8060349286742 1.73429747864919 1.42736461937774 2.57076964006976 2.31082184003543 2.23973905385707 2.24243049556519 4.62573348580115 4.53311651730529 2.63853611058264 3.163715166533 0.540681654820219 1.26289357431233 2.46211151359603 2.07467816886492 4.59917542757466 2.02923118253238 0.540681654820219 1.26289357431233 2.46211151359603 2.07467816886492 4.59917542757466 2.02923118253238
1 1.30962427732624 1.32921196171606 0.630601974398801 1.02560527275272 2.13786565372953 3.22989494905963 0.607935785272553 0.409212657282728 2.9011624512372 2.91045205270169 2.8419737478338 3.48379056335343 1.32249383954331 0.810163104906678 2.31509295292199 0.488774777622893 2.90015180595219 3.41189032187685 1.32249383954331 0.810163104906678 2.31509295292199 0.488774777622893 2.90015180595219 3.41189032187685
1 2.61106241569032 2.63927704419593 4.91796015067927 0.340892627553757 1.56907836672674 1.03962818127475 0.325766635088738 0.408726625282709 2.42422191808295 2.19935345820772 1.59031666888494 1.59579351615399 2.63328271917999 0.255735708633438 1.09697741339915 0.369807026581839 2.52382614649832 1.59708087099716 2.63328271917999 0.255735708633438 1.09697741339915 0.369807026581839 2.52382614649832 1.59708087099716
1 3.8680559801037 4.12341321389188 3.62219036517686 3.76681473354779 3.25069160020147 3.25995299844915 0.852084815446595 1.49732900988316 4.5609711652748 4.64275855951782 -0.995285105010284 0.366730860698215 4.01759765576571 3.62911085481755 3.24682533391751 1.32493961253203 4.69424766371958 1.58692356664687 4.01759765576571 3.62911085481755 3.24682533391751 1.32493961253203 4.69424766371958 1.58692356664687
1 0.495408001091941 -4.46170245279346 2.6909497661628 2.7468613592755 1.14660764803023 0.868894248416694 0.65137441830254 0.653733820834865 2.88553829719344 2.30754754906279 1.74630259362053 1.5651317154477 3.49753434187733 2.6703671796713 1.0120250552427 0.653545468812808 2.82351546105929 1.75371767836623 3.49753434187733 2.6703671796713 1.0120250552427 0.653545468812808 2.82351546105929 1.75371767836623
1 2.29433807004208 2.31133985930946 3.56677449446062 3.56481279040051 -3.73883420576188 2.29280580125242 3.28494583585478 3.37544723722546 3.68396709659048 3.67897313327386 2.59186283997613 2.59037082929741 2.30962709756568 3.55827200226486 1.7974305502139 3.09174301335588 3.67966691032052 2.58523490745574 2.30962709756568 3.55827200226486 1.7974305502139 3.09174301335588 3.67966691032052 2.58523490745574
1 1.19166045123473 1.40829510123994 0.273724931186425 0.260933695554902 1.05591431874538 0.924852349688591 0.60039206502701 0.44831720017877 0.413457664356267 0.389867483651069 0.652601717326648 0.846811897585078 1.33203800418414 0.263940049335361 1.40073662623763 0.262023608665913 0.376296822214499 0.675495995674282 1.33203800418414 0.263940049335361 1.40073662623763 0.262023608665913 0.376296822214499 0.675495995674282
1 3.87220820002249 3.85483120618396 4.2101993417238 6.74164158377794 2.64963965315538 2.5947555095124 2.42905072363983 2.4461249786768 3.9310305086588 4.18408151071757 2.432662306943 2.41519243742698 3.84043760830536 2.83250469015911 2.48651696601883 2.39839127287269 3.35680124349892 2.41268364130519 3.84043760830536 2.83250469015911 2.48651696601883 2.39839127287269 3.35680124349892 2.41268364130519
1 2.99318621570524 3.21849271354731 1.88181294481472 1.88460492780007 0.034153622749971 0.259613262897566 1.90956182971685 2.82493271552097 2.16971775901771 2.21421350407927 1.24541943839141 1.46840210540378 2.70925391814671 2.05070335301571 0.144607465481386 2.14158996357583 2.20282469061203 1.52564823976718 2.70925391814671 2.05070335301571 0.144607465481386 2.14158996357583 2.20282469061203 1.52564823976718
1 4.4459411041136 4.25856786448113 3.26405596559692 3.36190713138594 2.94263893382049 -2.23938623787035 2.00904400976901 2.05183195895018 4.85858413197287 4.39377963440693 3.47897535333094 3.47056353568004 4.11020920961164 3.04829150671139 1.07978536980227 2.026469160337 4.55393634154461 3.46178824082017 4.11020920961164 3.04829150671139 1.07978536980227 2.026469160337 4.55393634154461 3.46178824082017
1 3.58181715296613 3.58643858305128 0.658735328769992 -0.484965845312392 1.02909843731066 0.627468058780124 0.758114683397263 0.572610383198418 2.36561923950431 2.27709186677916 -1.53894668769577 -1.42955614345902 3.58004787703976 0.258204049896449 1.42068566055968 0.626007188111544 2.28719250299037 1.04265462141484 3.58004787703976 0.258204049896449 1.42068566055968 0.626007188111544 2.28719250299037 1.04265462141484
1 -0.368661059021641 -1.13423508114398 2.13409357618181 1.91055147595613 -2.49812990102302 -2.79847818565621 3.70288261059403 3.70555126482814 4.94062248906966 4.49957357034628 3.76139212259444 3.95133082344369 1.81686598574743 1.92119688377716 1.44102546037175 3.71090337401256 4.51985837426037 3.79858970525675 1.81686598574743 1.92119688377716 1.44102546037175 3.71090337401256 4.51985837426037 3.79858970525675
1 0.414435035723881 0.400284702756186 0.306839435396338 0.375335707607354 11.1758033239826 6.01300896449487 3.92305830545685 3.82467293571235 3.32427323966367 2.02814612945975 1.60571360745424 1.59404257785827 0.415455412585288 0.377848409116268 4.1460832383018 3.88321418897249 0.881115173688158 1.60284894285724 0.415455412585288 0.377848409116268 4.1460832383018 3.88321418897249 0.881115173688158 1.60284894285724
1 0.886408414157257 2.15011118022884 2.15088957486475 2.14840071926707 4.41988493527591 4.66635866292723 4.57813186102212 5.22516546200941 4.45726102610566 2.80105741988185 1.23034300714199 1.39941381896149 1.51210928219371 2.12946740095504 4.42372334538959 4.71649161656387 4.9294689623639 1.38029751018621 1.51210928219371 2.12946740095504 4.42372334538959 4.71649161656387 4.9294689623639 1.38029751018621
1 4.84021338295112 4.8969536919409 1.79637235381824 2.20916162527299 -1.06131824914406 1.83395679753872 1.57571687958929 4.23334047075909 2.19888913261335 1.74616435055897 1.51401218733501 1.48657703700049 4.86920077702962 2.36009104875848 1.55621781595983 2.62192627531476 1.5256724099163 1.51458158972673 4.86920077702962 2.36009104875848 1.55621781595983 2.62192627531476 1.5256724099163 1.51458158972673
1 2.24522803987073 2.01554759358348 0.497124104961489 0.456255603946914 0.119730302151812 0.065606698929051 0.550956692814429 0.594339929159511 2.26799982066608 2.83998759986715 0.309498688879912 0.0516993634822319 2.17327329330146 0.471854677889496 0.0900114898104221 0.560546519700438 2.65269655967131 0.281360229710117 2.17327329330146 0.471854677889496 0.0900114898104221 0.560546519700438 2.65269655967131 0.281360229710117
1 2.94194124917639 3.90788155812449 1.66073108697466 1.38191549782136 4.1569870875855 5.99489652878682 4.59096700677118 4.62480387175434 4.52080881601102 7.13996341978759 12.350281518679 8.61316321634996 0.358540257439017 1.59480606089346 4.72205088590272 4.56212295917794 2.73668961948715 4.54540561651811 0.358540257439017 1.59480606089346 4.72205088590272 4.56212295917794 2.73668961948715 4.54540561651811
1 7.32068189072631 7.3909621763821 5.59661186871408 5.7512963926645 3.90300504246569 3.90162184219438 5.00768200452785 10.9396856133158 4.31435477652252 4.34847744686474 4.06232539995125 3.49518839391221 3.49021660047583 4.80899316491559 3.90318103833124 4.30641681188717 4.30214592954144 3.97099248599261 3.49021660047583 4.80899316491559 3.90318103833124 4.30641681188717 4.30214592954144 3.97099248599261
1 1.63568063784068 1.60119322391912 2.63202122525196 1.98050532662309 2.11811965956929 2.16898279963841 3.8458745958594 3.89075654988177 -0.0958858155824592 0.00124301421251244 4.95593579148445 2.18234395774905 1.6136778681539 2.82160792034119 2.16199471382424 4.11805114825256 0.0578124937601388 4.03296359581873 1.6136778681539 2.82160792034119 2.16199471382424 4.11805114825256 0.0578124937601388 4.03296359581873
1 1.84579653477586 1.7828945670067 2.61753704081424 2.64444494520114 3.27094760213122 3.2221607328281 3.76747723159488 3.75239023971818 0.940120566687864 0.767429625091125 0.786373075148101 1.14462961809619 1.70608678134158 2.60057280422188 3.29079992254265 3.75868049333803 0.787652478320524 1.19834980228916 1.70608678134158 2.60057280422188 3.29079992254265 3.75868049333803 0.787652478320524 1.19834980228916
1 13.2318551052689 9.17995352607355 2.64170247134364 2.65411453730104 4.08831636174137 1.96140817358423 2.00097537876254 1.98652013555642 5.10611839306603 6.13443955205964 3.47344299487554 3.49714768958467 4.67048502992839 2.64543620171025 0.546169598819688 1.99676688876934 4.74030521698296 3.48223768756725 4.67048502992839 2.64543620171025 0.546169598819688 1.99676688876934 4.74030521698296 3.48223768756725
1 0.230130150102019 0.228339436664138 1.56767485296787 1.50890399756074 0.404234307898232 0.329196994598589 2.54159964585255 2.51709830183924 0.0171594865106993 0.1392010466962 4.02507930000679 -1.78448683535718 0.223306249827147 1.5187779138796 0.31976000405848 2.54656266188249 0.193356837844476 3.15874941879883 0.223306249827147 1.5187779138796 0.31976000405848 2.54656266188249 0.193356837844476 3.15874941879883
1 4.90851630979482 4.90553028583878 3.23692075229933 2.51853881192992 4.67502510124071 4.69358612883617 2.78528071297157 1.0273197126773 2.91165137184773 9.69158217729012 0.281083410211411 0.28604392548413 4.92861056933179 0.644371502567083 4.67413054895587 1.33969366666861 0.620157817611471 0.290393845643848 4.92861056933179 0.644371502567083 4.67413054895587 1.33969366666861 0.620157817611471 0.290393845643848
1 -6.18092743206697 2.00038709925042 2.14659862451415 2.17179669086173 0.381141005394211 0.815178179847374 3.18977596418022 2.75227339009288 1.7358766725298 1.66721728902662 3.24533585180002 5.45364216660144 2.09099042927846 2.12501784902997 0.587964543374255 2.01090455520898 1.69185293256305 4.72430434660055 2.09099042927846 2.12501784902997 0.587964543374255 2.01090455520898 1.69185293256305 4.72430434660055
1 4.12106713107277 4.08609615178805 2.80720445599289 2.81978297162008 0.600939163850121 0.609902224251213 1.8763191097849 1.86368550252991 4.46357251582447 4.35216166957765 3.90925076540844 3.5091977365717 4.12014496163465 2.84565874841064 0.600662741344422 1.88311307574622 4.32564357994124 3.8618794712238 4.12014496163465 2.84565874841064 0.600662741344422 1.88311307574622 4.32564357994124 3.8618794712238
1 0.141645017872468 0.240405246536756 2.09957657640211 5.35407723694657 0.737733269154141 1.06561930918112 1.94224493013274 1.76373647781185 1.92534461642952 1.83723958873079 2.855792959068 3.04798280529885 0.19778382149525 1.18949336931109 1.32131451973692 1.89483211608604 1.90052831312642 3.41905082459562 0.19778382149525 1.18949336931109 1.32131451973692 1.89483211608604 1.90052831312642 3.41905082459562
1 5.30212445763078 5.04307329944006 5.62916385918675 1.99294180247859 3.73658931981325 3.46503179752861 0.902484528142794 1.22237693708801 0.766673862678738 0.694529318678047 1.72385139529821 1.71845068356716 4.10763072781265 4.52070752391592 3.6995313630905 0.62652992666699 0.770750080700964 1.71653800993226 4.10763072781265 4.52070752391592 3.6995313630905 0.62652992666699 0.770750080700964 1.71653800993226
1 0.662063115104516 0.617677857536496 2.27824210269887 2.26720715660327 3.69281411721147 2.96014116847654 3.81563292405372 3.8254560706068 4.13757360203207 4.11125092624071 4.20918844108189 4.14553131066409 0.578108972404152 2.26533073815517 3.08696846012026 3.65081478026696 4.11960050230846 4.18814675882459 0.578108972404152 2.26533073815517 3.08696846012026 3.65081478026696 4.11960050230846 4.18814675882459
1 9.69102911846134 21.0312317160525 3.48973570670592 3.46428882796584 4.14821539844148 4.02284731633475 -0.334404498226774 2.42486513715346 1.15879290114596 1.17323129275344 -1.07400253230947 1.02005441235848 3.26213723281398 3.81156879710034 4.02982602710836 3.17218500655144 1.16817667265423 0.332607673481107 3.26213723281398 3.81156879710034 4.02982602710836 3.17218500655144 1.16817667265423 0.332607673481107
1 5.12554852403788 4.76451717858593 1.65120187929602 1.11522166313397 2.86008270422929 2.70423903369104 3.85847746857452 3.87023395277612 4.01161561870918 4.11697021286986 -5.0793644661113 41.780411483542 4.96791594545357 1.42260679858737 2.72514049313031 3.85899469722062 4.0612137329299 3.39420093456283 4.96791594545357 1.42260679858737 2.72514049313031 3.85899469722062 4.0612137329299 3.39420093456283
1 1.52195877650161 1.43994853124313 2.72981179535922 1.79543207273894 4.51956782179878 4.61016700362152 3.85232117010822 3.85580213118106 1.47127301783491 1.47475530904555 3.32763881870076 3.63841406969989 1.69515666435473 2.39461169112474 4.45403807098046 3.86721465620212 1.4752360759303 3.3522448129952 1.69515666435473 2.39461169112474 4.45403807098046 3.86721465620212 1.4752360759303 3.3522448129952
1 3.4578874153564 3.96819306427681 4.40474296240991 4.40383466525281 2.91628496775726 2.90421607221364 2.7513481238952 -0.673832388872952 4.85127071651027 4.77644650582964 0.260855582444798 1.12198561916212 3.54507653508335 4.40633485093713 2.88976572803222 1.06846545008011 4.69014146015979 2.8899853490293 3.54507653508335 4.40633485093713 2.88976572803222 1.06846545008011 4.69014146015979 2.8899853490293
1 2.74527745402151 2.99629014106923 -1.53870875461533 0.424752161326242 1.97698577529829 1.42565384251981 2.73541265639167 1.43597431987353 3.66784410877208 4.96769165486501 4.76936167307254 4.77406080220879 2.85542697878554 1.53968297992833 2.18761536641978 2.33491006423719 4.45600787410513 4.76685397792608 2.85542697878554 1.53968297992833 2.18761536641978 2.33491006423719 4.45600787410513 4.76685397792608
1 3.91095417451603 2.71186835407209 2.83624084031273 2.84581083608206 1.49385349395583 1.46410803540153 4.28365667574582 5.42193232455228 13.0281489471142 23.3827489944511 -0.831071882173721 1.20390575059089 4.89059290615842 2.83902872237377 1.47791687981226 3.16142881056294 3.38159145438112 0.156214644666761 4.89059290615842 2.83902872237377 1.47791687981226 3.16142881056294 3.38159145438112 0.156214644666761
1 2.85827981358316 2.91996826417409 4.04947857908607 5.45182761005298 2.12454499587667 2.06126441744014 -1.16293395254227 4.90485459967419 2.34824702705715 2.32800643322147 2.4495230748848 2.43893707247464 2.87547290907241 4.79732230422087 2.35435379552655 4.81228968128562 2.34734694939107 2.46548893745057 2.87547290907241 4.79732230422087 2.35435379552655 4.81228968128562 2.34734694939107 2.46548893745057
1 3.2288053451617 0.581183851167307 -5.35464395613998 -3.85512727585508 -5.21792944982754 5.62064623351659 1.19175185894959 2.30661755506711 1.82002348082476 1.58100014805031 0.576519406999851 0.579363553553599 1.79345985059626 3.23941483977251 4.72340237349272 2.09395770216361 1.80963737308048 0.57970785535872 1.79345985059626 3.23941483977251 4.72340237349272 2.09395770216361 1.80963737308048 0.57970785535872
1 4.04766033544528 6.65621322631373 3.71258312758619 3.18302433390839 2.2145344815827 2.6481515457305 -2.35638076108523 1.71636938453966 3.40119020150397 3.36322869405166 4.15441955487071 3.43200273907607 4.70440418692306 3.65385941928253 2.38988445140421 1.7097406310495 3.41206775628962 3.7574136024341 4.70440418692306 3.65385941928253 2.38988445140421 1.7097406310495 3.41206775628962 3.7574136024341
1 2.26496929145048 3.88436870547576 3.06680546457999 2.12116965090315 -1.8646520642025 6.29177376834809 0.267235053040818 0.305964178679561 -1.85570446530757 1.22658584936859 0.573496597389995 0.457818217921931 2.69714384456165 3.27804120257497 1.60266817896627 0.208728436846286 0.553181795403361 0.300054090330377 2.69714384456165 3.27804120257497 1.60266817896627 0.208728436846286 0.553181795403361 0.300054090330377
1 2.30713122405053 3.16581841251536 0.735348692706035 1.31800402084774 -8.43301979065688 5.92643747047768 4.16442549826166 3.44296728037578 5.5567506144986 0.82479309103902 2.56481217953873 2.63083104905706 2.27406730991788 0.861494216369465 0.517727669794112 3.79519894020632 4.97657695319504 2.58653386612423 2.27406730991788 0.861494216369465 0.517727669794112 3.79519894020632 4.97657695319504 2.58653386612423
1 1.52748928820437 1.52010599181124 -13.3597982671101 17.1256087799555 1.30543499166495 1.31065038859281 7.65981803184476 -21.5800267180905 3.45423558539516 4.41205339305793 4.14922185977074 3.83488374567426 1.51839178637601 2.01637098798528 1.29872335586697 2.41564977914095 3.44439327716827 3.66812853026204 1.51839178637601 2.01637098798528 1.29872335586697 2.41564977914095 3.44439327716827 3.66812853026204
1 4.23266975844183 4.0409997685139 4.38083706185135 4.68227092707836 1.06965064006164 1.62014581456942 2.6832450000947 2.68954294238453 2.66176262606914 2.49854823350611 1.38385313969834 1.30411337104083 4.11915304604918 3.74482328887098 1.33935176301748 2.67740952549502 2.5989675312303 1.51187114533968 4.11915304604918 3.74482328887098 1.33935176301748 2.67740952549502 2.5989675312303 1.51187114533968
1 5.32029753440171 4.92964148761966 4.81974782768198 4.82193373355787 4.80085634944937 4.85515879709799 2.69636953741772 3.98351698380474 0.289148066538561 0.177367154866559 0.64482934297791 0.736045587979107 4.90843237261288 4.81904769549146 4.84615849447437 2.87920129834674 0.800245009595528 0.653998674824834 4.90843237261288 4.81904769549146 4.84615849447437 2.87920129834674 0.800245009595528 0.653998674824834
1 2.91675873148088 2.13824228395462 4.07898717648006 4.10493782919668 3.30571645613937 3.42273343761829 1.69290847477387 1.46151821371152 2.47775245845151 3.88880971669393 4.57552229277663 4.77003038882069 1.8211496702861 4.13770081009716 3.46042150515132 1.58777659060434 3.12470664735883 4.77640465484001 1.8211496702861 4.13770081009716 3.46042150515132 1.58777659060434 3.12470664735883 4.77640465484001
1 0.396897418296405 0.426516114609689 0.485267291566672 0.621449027993791 4.31604236598603 4.31151070423719 4.20834687358504 4.05099737471036 6.63253818121174 0.106591213455252 3.67190565309931 3.51281415298929 0.407028633635491 0.554951679660007 4.3301276024431 4.1190398694016 3.37916211807169 3.37296102195978 0.407028633635491 0.554951679660007 4.3301276024431 4.1190398694016 3.37916211807169 3.37296102195978
1 4.50936147513064 4.52091882732002 0.132363472488733 0.213168319981687 3.91839668496373 5.90633931749799 2.62833232320095 2.58717646736313 2.75748573905272 2.70038074106495 1.66595932881457 1.92009761864246 4.51507710851729 0.138543935026973 3.3686583279632 2.61707153287716 2.70664201118052 1.59531451761723 4.51507710851729 0.138543935026973 3.3686583279632 2.61707153287716 2.70664201118052 1.59531451761723
1 1.2490938524138 1.17227071591851 1.64556443845432 1.51162760179832 4.75538280974104 5.16820671598317 1.43850020574326 1.15530412148069 2.26007575470486 1.93160161537829 2.5049483395705 4.16112970308994 1.06782883056439 1.5503971115686 4.90701269824058 1.51585374958813 2.13006770121865 3.7605009181425 1.06782883056439 1.5503971115686 4.90701269824058 1.51585374958813 2.13006770121865 3.7605009181425
1 2.67151031412452 3.07627556843424 3.30319691619083 3.27395544621914 5.20827873670119 4.60896350557228 0.312214685048338 0.745284061556367 -0.38893591508642 0.504410178497874 2.31546032566719 2.32198334082088 3.83973593474366 4.85357938916422 4.36167336069047 0.660987593000755 0.0216843537054956 2.33346052002162 3.83973593474366 4.85357938916422 4.36167336069047 0.660987593000755 0.0216843537054956 2.33346052002162
1 2.92670446728109 3.98717832355057 1.59254428299253 1.51298944900634 3.60746286215661 3.61453429121588 -1.39218545122217 6.13530490145772 0.419086965359291 0.509806218011226 4.41437185002662 4.21421220815342 2.42710029007867 1.57497793901712 3.60748095205054 2.84036614000797 0.432956198928878 4.22319416189566 2.42710029007867 1.57497793901712 3.60748095205054 2.84036614000797 0.432956198928878 4.22319416189566
1 0.0542653699771232 1.5784381152562 3.56631908693108 3.76266753299625 -2.47972404561466 -7.63247540190511 1.7582226502273 1.55846429712605 5.11087289851864 4.39736081897244 0.858007069486724 0.792746204446992 2.10767438285984 3.66254956345074 1.80639190250076 1.75096803694032 3.79159255768172 0.882808883907273 2.10767438285984 3.66254956345074 1.80639190250076 1.75096803694032 3.79159255768172 0.882808883907273
1 0.804488772620419 0.848736458346263 0.621505348336007 1.06633696946309 3.20911987113893 1.78452268463251 1.73517304505471 0.720060760805264 0.281905090132634 -0.552497603442657 2.82078738503973 4.83619400004886 0.813301263842732 0.537644707364962 3.11691954615526 1.11897265771404 0.221332202199847 3.86382840573788 0.813301263842732 0.537644707364962 3.11691954615526 1.11897265771404 0.221332202199847 3.86382840573788
1 -2.32315035259189 4.15829533726786 4.21890926976472 2.03615182507225 5.02607112669878 4.7334709586849 2.64027772279469 2.57238534345759 1.66134371664611 1.86012350454562 2.77750416089613 2.87631302735148 3.26144859427586 4.31579927913845 4.91883249254897 2.60195579612628 1.79507241467945 2.97281471081078 3.26144859427586 4.31579927913845 4.91883249254897 2.60195579612628 1.79507241467945 2.97281471081078
1 4.25129677495002 4.25142957485436 1.04853995526698 1.04503309833281 1.73431683110149 1.71930119119797 0.669997006354466 0.720845359953919 1.87789325495269 2.02352316817662 1.90192807648688 1.53989495844268 4.25336782936938 1.04343415587209 1.73630343633704 0.672578925732523 1.89326089224778 2.11030768114142 4.25336782936938 1.04343415587209 1.73630343633704 0.672578925732523 1.89326089224778 2.11030768114142
1 4.04850147409087 4.38901479876393 -0.147421625149246 0.289702879720786 3.71328362554169 3.73840783128631 2.22173173866544 5.39671246520252 0.0212825030954612 0.0409251885085862 3.93745563515889 3.96648045189484 4.12172907148488 0.0674561690539122 3.6707475327421 2.72694338462315 0.0236844574101269 3.93723550601862 4.12172907148488 0.0674561690539122 3.6707475327421 2.72694338462315 0.0236844574101269 3.93723550601862
1 2.88348251970041 2.99332604593527 0.894897940413694 0.920154362995941 0.789017000396074 0.539816638635487 6.59231629293364 4.18943058802147 5.59593921690171 -2.65113603167931 4.41478193372121 1.10922694504826 2.89191214833409 0.92837646137923 0.333656672155485 0.528087837155908 1.72355221118778 3.22019239887595 2.89191214833409 0.92837646137923 0.333656672155485 0.528087837155908 1.72355221118778 3.22019239887595
1 2.9590507696811 2.90993679941913 1.8096557498847 1.41607705471387 4.8095071889872 8.27624085727015 4.69553769531918 4.45256348504329 2.17784406114727 2.32581955225419 2.05927007795027 2.07719556423686 3.02970570861362 1.62720165099017 2.76254020864144 4.55583053873852 2.25302683538757 2.07714418531395 3.02970570861362 1.62720165099017 2.76254020864144 4.55583053873852 2.25302683538757 2.07714418531395
1 1.66449984184672 1.6764299043886 1.77522181539717 1.36724289383162 0.0766787318792105 -0.0229848859090084 3.1300858107359 3.08760960382149 3.17611428239646 3.20860150097632 0.966599834269685 -1.40411323238005 1.92159300902858 0.948124442948028 0.0460128218401223 3.08432828402147 3.15416875644587 2.15484492247924 1.92159300902858 0.948124442948028 0.0460128218401223 3.08432828402147 3.15416875644587 2.15484492247924
1 3.99421052498758 3.76905065403134 1.92893314278929 36.2192732580721 3.16214729118458 3.07598448991126 6.66628151121594 7.77803249535069 1.89902810348298 1.48860601974002 4.60106397018086 3.87034728740299 4.00225767632946 3.45679974765517 3.17033421015367 4.20836593257263 1.22459067380987 4.23613337916322 4.00225767632946 3.45679974765517 3.17033421015367 4.20836593257263 1.22459067380987 4.23613337916322
1 1.99322981035973 1.77977730572892 0.726181729499757 1.79064259549265 3.31401632447914 3.33548209134625 6.91921150575766 1.03478175757059 1.58115606683847 1.58040290804471 4.25101326414796 4.12419097903015 2.01523360912688 1.31946528563276 3.359597066883 4.34316279948689 1.57995342742652 4.0810785011854 2.01523360912688 1.31946528563276 3.359597066883 4.34316279948689 1.57995342742652 4.0810785011854
1 3.98886150416411 3.98975774907978 1.18825164274559 1.49192684875831 4.48849413913094 4.36882241961138 4.01373256819725 3.97021165466261 0.81708246169141 1.28449242762437 2.13720263800818 2.05482942235626 3.99086820776574 1.33347806753591 4.39043167163618 3.96688427776098 0.561224917182699 1.61849627154879 3.99086820776574 1.33347806753591 4.39043167163618 3.96688427776098 0.561224917182699 1.61849627154879
1 -2.50853439309472 4.44780897301446 2.62863779891437 2.6190423263663 4.52548215600449 3.84855179784196 3.62907644527688 3.62666743192402 0.708089083076374 0.695841700514114 1.22360136699125 1.35028719733508 4.41157732042484 2.64267264166847 4.71806356799789 3.64973518066108 0.70017565973103 1.29809193429537 4.41157732042484 2.64267264166847 4.71806356799789 3.64973518066108 0.70017565973103 1.29809193429537
1 0.420269063204268 0.439172776491704 4.06671825461753 4.80583627381023 2.50222672181414 0.511157899576341 4.00352106687571 4.01849075088443 4.88064991562405 4.84717665941276 2.46512868377455 2.46452192941089 0.424725644988939 4.31901216274127 1.12985616433434 4.0335757099092 4.86044975928962 2.46660881210119 0.424725644988939 4.31901216274127 1.12985616433434 4.0335757099092 4.86044975928962 2.46660881210119
1 3.69315338598623 3.73612917367954 1.03416842569877 1.1042818946255 3.06751629628349 3.49667641971134 1.84408588921233 1.7993950641902 0.557423170050791 0.682654775122707 2.35036610579283 1.91635248005885 3.71590947848745 1.13692140555941 2.92063428321853 1.80514734704047 0.631053695688024 2.00469899107702 3.71590947848745 1.13692140555941 2.92063428321853 1.80514734704047 0.631053695688024 2.00469899107702
1 1.97588432873411 1.86107293318955 6.60738644334656 6.02724085258129 2.36979611178465 1.41455389413891 2.62788080718445 4.13991293484985 1.3920102627489 3.02903924184366 3.16267447027623 3.14036878155188 1.91603467450477 4.25986970076337 2.22541769384407 2.78687189333141 0.417538674082607 3.16052365931682 1.91603467450477 4.25986970076337 2.22541769384407 2.78687189333141 0.417538674082607 3.16052365931682
1 2.80852499886665 2.55958546700379 3.99809600106833 3.9605518775059 2.91428640780988 2.85690904007688 4.22996846931061 3.39807624702303 1.02069297540857 4.10662747248208 1.70501152653054 1.41053396196935 2.27031179121695 3.95388259552419 2.94069432769902 3.60816222033463 3.20375007227995 1.57799847074784 2.27031179121695 3.95388259552419 2.94069432769902 3.60816222033463 3.20375007227995 1.57799847074784
1 0.445164226105082 1.23608109915815 1.52514900793977 1.4527516066979 3.55928897902339 3.57330865135573 4.29108461909331 4.28733900027346 3.60775412408438 3.27750686324283 3.87300981098505 4.1175797684441 1.42595362616703 1.45699609536678 3.572260402143 4.26491863210686 3.53774406015873 4.02270275866613 1.42595362616703 1.45699609536678 3.572260402143 4.26491863210686 3.53774406015873 4.02270275866613
1 3.23747530204863 2.78440847037265 0.354395223121864 0.42049775073917 1.20981048711962 -1.65527568385316 4.37019362828584 4.37665876616847 2.10920458870075 2.80192926667077 4.05370420699362 3.88386272200454 3.23304353049025 0.442447250243276 4.00554211693816 4.48592309490778 2.48746585217305 3.78384034032933 3.23304353049025 0.442447250243276 4.00554211693816 4.48592309490778 2.48746585217305 3.78384034032933
1 3.82403846561714 3.93027982416687 0.891314134677444 2.14417557813692 -5.56385320541023 3.42790220948679 5.75546221184012 9.18687338514749 4.39563875337725 4.47209913602998 4.31629200894628 2.82613532378471 3.75613616546616 1.3688164181076 2.78688658610918 4.64831016724929 4.45008243084885 4.37180169858038 3.75613616546616 1.3688164181076 2.78688658610918 4.64831016724929 4.45008243084885 4.37180169858038
1 2.57306982942496 2.77327415969632 0.552003482749144 4.30659702335317 0.117772638728202 0.148018027830178 4.53481622399774 4.3968755245095 3.59014551014196 2.61512331548404 3.14288167237315 2.99327381664061 1.3698232488241 1.62956318701617 0.147630377905443 4.49619805323891 3.20443948265165 3.30826936173253 1.3698232488241 1.62956318701617 0.147630377905443 4.49619805323891 3.20443948265165 3.30826936173253
1 2.96997021483642 3.21956602757011 4.54935653929421 4.59489770160486 2.65458091228582 5.46369689266029 3.23002636618254 4.86508920283065 1.86412653261038 2.13215427470058 -3.50606301536828 0.851534626498023 3.11848755693063 4.63062355993316 3.7131279008463 4.54890180961229 2.28751911083236 3.22978092706762 3.11848755693063 4.63062355993316 3.7131279008463 4.54890180961229 2.28751911083236 3.22978092706762
1 1.1970806744814 2.74722744706884 1.42288782402417 1.62521913834052 3.24249976054459 3.26381061869211 2.59675997144731 0.194878820106502 10.2473972046241 3.70144422242861 4.02013349102596 3.93748527987676 1.90688290866092 1.56796487048268 3.21878556045704 0.985046550631523 4.53815270215273 4.00570386322215 1.90688290866092 1.56796487048268 3.21878556045704 0.985046550631523 4.53815270215273 4.00570386322215
1 2.33974814553942 3.80533464423508 0.423711200596946 0.324866321542438 0.311317016125886 0.188407273475156 2.21825483695665 3.88700044077986 3.70393856088024 3.70673023862815 1.7723359671578 1.84353121702779 3.73707632650621 0.343192310538143 0.70659525343217 2.23265363252722 3.69575602933764 1.8460931465961 3.73707632650621 0.343192310538143 0.70659525343217 2.23265363252722 3.69575602933764 1.8460931465961
1 2.97834023167311 3.40863748301685 1.16103056191659 1.2849016860007 3.0647075909308 2.48372707516401 1.47816186655831 1.19589197373582 4.76928063776466 4.69255534890592 3.44012351031109 3.77803887413607 3.39190491475165 1.19481103261933 2.87245979998261 1.43676533130929 4.75709748570807 2.96290847356431 3.39190491475165 1.19481103261933 2.87245979998261 1.43676533130929 4.75709748570807 2.96290847356431
1 1.46806905074495 1.60454584083708 1.64575881793192 1.48209378175358 1.53067940199798 1.5982699323299 2.06512159306653 1.78691469794035 -0.406858235576766 13.1686455707136 2.45687682643204 2.38028993107063 1.03111670701765 1.49726176750846 1.6924809361808 1.78598923725076 2.25399929098785 2.51049344078638 1.03111670701765 1.49726176750846 1.6924809361808 1.78598923725076 2.25399929098785 2.51049344078638
1 0.410053561412567 0.427912558849654 2.45539757371548 2.99894405632759 1.92114433463973 2.13734573223255 3.39124755998881 2.64758705660494 3.10521477161396 2.96247981221098 2.02896975381339 5.03156598775763 0.426481708418578 2.57640394731425 1.91819122293964 1.65968549903482 3.00337166409008 1.70670527732 0.426481708418578 2.57640394731425 1.91819122293964 1.65968549903482 3.00337166409008 1.70670527732
1 1.83976847448004 1.74350533504408 4.41579893351766 4.40907688177341 0.977981146002203 0.90138251828273 0.761979912465633 4.78090376410609 0.440721546870944 1.27671942080493 2.73557602240519 2.76932230089825 1.7590131436009 4.41825381712988 0.988991266349331 0.585613249568269 0.184222271200269 2.76637187809683 1.7590131436009 4.41825381712988 0.988991266349331 0.585613249568269 0.184222271200269 2.76637187809683
1 2.98071896418275 2.02678005544646 3.62309453920357 3.61417018326456 5.09296592652753 5.16382586332462 2.8628899335747 2.9084796034982 5.36197494685764 4.66070508745364 1.23156153205669 1.39710163847037 3.18106118356809 3.56858539045788 4.96472663013265 2.8912640537601 4.69057301990688 1.28916903282516 3.18106118356809 3.56858539045788 4.96472663013265 2.8912640537601 4.69057301990688 1.28916903282516
2 0.494763338255957 3.97965065682668 3.63968128586926 1.83903429248388 2.6533803496113 4.23710822186041 -0.244833977413493 4.43895036971612 1.04930920315299 3.07862297840798 2.82209350695982 2.91103890403728 3.95991264376789 1.92064436851069 4.22616905998439 2.77689705369994 3.0868955317419 2.93538083089516 0.49765978124924 3.43274962971918 2.7586328482721 0.413621827028692 1.03958639781922 2.90773710003123
2 0.560105603907533 4.26907734359454 2.76035470600827 0.373875983685865 3.67372486168187 2.192925645347 -0.640413435254773 3.51235428363597 2.56254602994218 2.51861802239077 2.29148799479739 3.34926754199805 4.28673734306358 0.174900094280019 2.13612600695342 1.72815697151236 2.55856293719262 3.35618221783079 0.522598188836128 3.01218454958871 3.69408627273515 3.66483378806151 2.52648747409694 2.23225420806557
2 2.67621495976545 3.41257247236825 3.2364026314539 2.08044378269671 3.05164353260055 2.47538650934458 0.586542000271237 2.59767001785541 3.66238698904009 2.62583620895327 0.851087561481439 0.0313440722217419 3.62777722766623 2.04283609637059 1.62129636155441 2.61158122448251 3.90254289610311 0.0542786403093487 2.41225684760138 3.24607096146792 2.9655925964471 0.578797942725942 3.51983794593252 0.798369734548032
2 1.78378944336877 4.68460205844818 2.03631275307264 0.162007399872449 3.3023849390464 0.636087904379288 16.8778654429952 1.88466774261276 0.621036437896592 -5.92470524988629 1.9303987822243 0.935551180969409 4.67673633131199 0.31077730236575 0.806867012288421 0.123523048823699 1.8646444613114 2.30044294265099 1.82288650074042 2.10733662592247 3.235414364608 2.82231867895462 1.22185613028705 2.3834148386959
2 4.58564775768701 5.33213906144522 1.43964076733216 2.26643102542623 4.43487188938969 4.83662357221697 2.50882885600479 2.36237357244139 0.947155691697462 -2.32780758756713 0.914141481484223 0.75592394825505 3.29609039472416 1.84703060542233 4.91158425807953 3.85112231480889 0.0917992379982024 0.996726634912193 4.98491176287644 1.33837087196298 4.68367596622556 2.25358849507757 0.631264109397307 1.03831938817166
2 1.14215631617265 1.11750571747039 -20.9700994291095 -36.0214167216236 3.92727782718941 2.88769575996413 1.81758927229643 4.3818935429172 1.37642929314636 3.44457589580941 0.187396624242004 1.44830249089577 1.13331765634939 1.82841094327159 2.54022611654364 4.38052888261154 4.6463758032769 1.45328128011897 1.16207108134404 0.0466216425411403 4.56149950739928 1.7966390424408 2.01963765197434 0.181369929341599
2 3.20973718248721 1.47844929166456 4.92662479161192 3.59380324516373 0.985167673989229 2.52495144656513 4.69253952068997 4.97828247441941 1.31066918952317 1.43535813382195 -4.04882022158496 -1.29608976903681 1.87512116739526 2.9156514944043 2.72092624218203 4.97857017209753 1.43395912018605 0.203707240289077 3.12064557569101 3.91111177043058 0.932919136248529 4.68790285289288 1.30444313632324 1.47116801934317
2 4.97567149153046 -2.84255385207254 1.25830843280903 4.95681110786247 0.283810949962839 1.21866923118383 -4.67101791234427 6.59488920374692 1.12905178011146 2.51768593074097 6.75444901727869 6.71363020109791 0.862601400585845 4.73414484877139 1.29797832109034 2.2235682955943 2.50322552281432 4.88119304645807 2.94727975735441 1.64629569742829 0.364036315586418 3.51370858959854 1.14399677724577 0.0190388399641961
2 2.26651724908338 3.99277177087492 1.18802999899249 1.51606138302315 0.69457650829828 4.54203763999376 0.326122924326703 3.05241649517013 4.9303038931007 2.52768222159171 15.6632932189853 -4.33001339984134 3.92658778000623 1.61191550432704 4.47300010127947 2.8328415681608 2.53039841307327 2.07157118944451 2.2182360093575 0.95820061978884 0.73553794529289 0.381640074774623 4.94987301179208 3.9807230012957
2 1.07232841733635 -0.274749262234662 1.92302165638714 4.78789595977304 3.81061881138064 0.719294484385479 2.54226590028869 4.77914188058973 3.39032464808133 0.554143323898603 2.62967084791583 3.15904749411646 1.13073732703924 3.75410372274928 4.97190045309253 4.76533980341628 0.549055341398343 3.49510018131696 0.322680169483647 2.24358615931123 1.77510967361741 2.49942309572361 3.40605537057854 1.0772114188876
2 0.739635516465449 3.07558158324497 2.69377781167722 2.34947180004288 1.72371832247446 3.0855758698889 4.23946341360624 4.44458151702469 4.19573336866239 3.39922857565518 2.42350381406692 0.577902761869283 3.13641810207628 2.37915166537277 3.09038966661319 4.89954680320807 4.07604336738586 0.575545495375991 0.555964219383895 2.73201404605061 1.70729622826912 4.44460962200537 3.20035466691479 2.45047187549062
2 1.72571293757096 3.27544295248257 2.07030326135198 4.74541212098407 4.81946446587275 3.10975877805204 4.29750295228098 4.74564845331331 0.501165183907255 3.89442542876738 0.905051051336073 3.85063158722643 2.84220421104692 3.75942374230362 3.11160581884906 4.73485977388918 4.01143361115828 4.04105544905178 2.03167687170208 4.31258125812747 4.83356879441999 4.22932933433913 0.641502916114405 1.09677805332467
2 4.45855243989149 4.08429503378665 4.9136871624591 2.01914758099514 2.17485547026548 2.47452594522045 3.15618607711013 4.94866132622296 0.427214657178662 -3.25757960281044 3.46803273572979 2.96649572598755 4.05498299282044 2.01375128468499 2.45941590401344 4.90101233241148 4.75347578758374 2.96256234869361 4.57701411796734 4.92149796686135 2.17892975430004 3.22350946837105 4.69997859559953 3.46057035028934
2 4.20989552710612 2.6117794536485 4.87616825913689 2.07651059254848 3.05279079035987 -3.25948088337795 7.12104393992639 4.80217221620756 4.74661920440891 1.05269159902948 3.78572231322719 4.06860465716383 2.4803516769316 1.69648630544543 2.04721213784069 1.63198617170565 1.04754203814082 4.05844152672216 4.19477729359642 4.57319743465632 3.02893642918207 1.66810986935161 4.73936493042856 3.78465355955996
2 0.23698917205823 1.75957584402566 7.17650526760353 -1.64261344318544 1.44150381697704 3.0521548033222 3.13415180205056 1.73941064836631 2.17698932296433 7.75669659553109 3.18157910654372 2.09294953134883 2.52694253344089 1.37956633698195 2.96243139193393 3.52940313401632 4.63346616132185 2.01963569619693 0.569434614153579 4.46604652912356 1.63977020652965 2.74479361833073 0.964659779565409 2.79632436926477
2 1.00014302681027 1.47184241396258 -0.64379258684888 0.979664093345025 2.40768259676308 1.26809967121398 1.66323518086458 4.66441796576323 4.14462029552459 1.37525587417435 5.91707098039939 2.44135802121894 2.06076276605017 0.645186129258946 1.09966744668782 4.74267738987692 1.39582477044314 2.27302388404496 1.82647694484331 0.0149543152656406 2.44187641888857 1.57724156044424 4.15772990672849 0.713850478641689
2 8.44457304043291 2.28997319911168 3.72227151389417 2.92861610084489 0.317023257854031 3.18480782896545 14.2299456537502 5.37333317481837 3.01740728205995 4.63842023936363 1.26974401618793 3.26961614609472 2.13254841975868 2.95239250874147 3.35627325926907 1.22466899687424 4.41432192339562 3.40616050409153 0.791845009662211 3.67556698387489 1.19613700197078 3.70630041346885 2.59521096595563 1.27826709882356
2 4.26548094147214 1.53231230231648 4.71428246547365 4.61217146009118 2.35109430930478 5.57975165259926 6.65229948833095 2.09707208118923 0.604222391352256 2.4953704663476 2.15443362232933 4.56224757153173 1.58542726770975 4.76977914106101 3.95748355891556 0.764354956336319 2.54106748150662 4.81171722407453 4.29637911496684 3.93004366429523 2.35478558810428 4.37267384957522 0.80429746885784 1.6434851300437
2 3.18444831330156 0.648126851401918 5.4344314632607 3.21148104532974 4.49111302919617 1.88401069259571 1.31163399325794 -0.325519945526784 4.53036715777649 4.71946368902058 4.65220180250494 1.18100111526821 0.641359868459404 1.7010747839231 2.50961379264481 3.40574905276299 4.75917780189775 1.18338644388132 3.16046830965206 2.64461569022387 4.61277783266269 3.0255736282561 4.48491984279826 4.64894239557907
2 4.35883302824985 4.25286424232478 0.509681047548959 -3.50920673106074 2.75709709677628 0.0764300707702979 2.07637919443673 1.87069830529008 1.81063877997552 1.52723654114556 3.17326016797267 7.15975562534862 4.35721920453943 0.502137985313311 0.0844933569896966 1.84065625304356 1.50317884865217 3.92253792262636 4.2828731238842 3.72334267362021 2.76167727308348 2.08251851028763 1.80922543047927 2.87455174839124
2 2.4191800247337 1.17808572612346 3.07447712672401 1.65885563879882 4.52393049422669 15.0790389279235 2.13840773881211 -0.45615227462161 4.43641869865919 1.57754831297217 2.79217506207996 3.98445446790898 1.22798876254819 1.29253575927578 3.47258355701342 0.155630885856226 1.57430373132229 3.97580021526664 2.54187791142613 3.79205289413221 3.73133752145804 0.646612825803459 4.42556941416115 2.75792548432946
2 3.32568516547273 3.57496636924754 0.568126233048629 2.91357995004686 0.435109934421446 11.0720464180191 2.53622085050176 0.548047668984415 4.70955723638033 4.97872366972589 2.28245298983324 3.27936493506744 2.06324300495908 2.91922600241378 3.62905207672156 0.573247045977041 4.94945352664217 3.11941664665937 2.4279358133208 0.565860368078575 2.70979569060728 2.56353192031384 4.72349270945415 1.51351137086749
2 3.85439160995396 2.05251830216285 4.01947450265078 2.29578029599174 4.62228064990822 1.75920080924698 2.70964657369828 1.35906754193394 4.79429708942371 5.43732870022163 3.06438601481924 0.6745939474745 2.15593865723349 2.02249356545508 1.77959677297622 1.34703505784273 4.95177643606439 0.789953378261998 3.86670478037558 4.06283258809708 4.6050822653342 2.69387304433621 4.51216168003157 2.99795815721154
2 1.90247844085543 3.0046953042298 3.60355359202583 4.67425570228876 4.0590454012493 1.25102525511698 2.53976787737195 0.386648921952021 2.93457181821423 3.92903611129751 -0.0534905341918047 4.76096092109805 3.0329707195051 4.66817489592358 0.949035376543179 0.375780730973929 3.97316265385598 3.46330107538961 1.88610082957894 3.54635297204368 4.44597687222995 2.52928249188699 2.74135210434906 0.0354962900746614
2 3.04953553120089 2.18818296408283 2.52198686257014 3.14056502184482 4.86731092621316 2.40918915379311 4.33965431403675 0.545774176439277 -3.69807390170368 18.5027904990608 0.434226354546021 2.87873379691483 2.16379020363092 3.0882968113292 2.40366606856696 0.25563228642568 2.73022924549878 2.85538215655833 2.98019423615187 2.58421292877756 4.88851725007407 4.81785655021667 2.48659305390902 0.213793148286641
2 5.25017725600817 2.32911985213038 4.50041747310585 1.27490441994641 4.87993162930772 4.12665418337666 0.804803574111354 4.19157829691472 2.71716743006864 1.26877186832587 3.76918494311306 4.18024110745181 1.91399064613506 0.0931778154335916 4.26240448607132 4.32720405515283 1.27926401677541 4.12687666364945 4.84110604971647 4.1414528270252 0.851459305267781 0.845013583311811 2.68346528639086 3.67115888278931
2 3.03987264910879 3.89790780132786 3.41504398041574 0.830157312139018 3.72061202307964 0.163199421204897 3.01698406155734 1.62446217868032 3.46750427661893 3.04373491303035 -2.12531823801163 9.27650075976467 3.83501531439833 0.827309204032645 0.382124010939151 1.11465886002406 2.99388731014915 2.70854557282291 2.98470641020685 3.41053199023008 3.40322699281387 4.28573706303723 3.4905125037767 2.25752972066402
2 2.79390714356339 1.20512969884009 2.09555907552055 0.665791551210229 -0.0525965771355016 0.312561663651983 4.66355862190333 0.812028511581573 4.64945072517895 3.71755821938051 0.812599382172391 2.28009193233499 1.38133501284756 1.16717463475652 0.543841930339113 1.19067617109977 3.33107917685993 2.35177448834293 2.81792148016393 2.85018115537241 0.20888291997835 3.26784283271991 4.38669106573798 0.848457982065156
2 3.9590610371223 3.0840477944491 4.00396380198575 7.03003080437733 5.01887412482034 5.25465461691769 2.63034463483168 1.78937490188024 0.11999948017643 1.76217380152894 2.80587556934577 1.92304070373448 3.55266669299453 4.47747591766529 3.48705751006491 1.78999685565941 1.9448053475935 1.78818806423806 4.16166547336616 2.60103564709425 4.69149173470214 2.6376418187283 2.49324537464418 2.47137986356393
2 2.75604219413348 0.425754104515773 0.656670670479213 1.7138204497197 0.360501469959476 0.573754102342452 3.42043945299425 5.72220759803682 1.41651236794654 4.72052346272666 1.8428005155783 3.14314003675768 0.383385447785258 1.83566335123032 0.633216785499826 2.10251794196665 4.74550523562357 3.25521567254327 2.74317309842445 0.166207153815776 0.37900177645497 1.36726458440535 1.42084841732867 1.29954359144904
2 7.37925938587997 5.87089335549256 4.21101660896842 1.42569480235889 0.533572802822233 2.29969435452453 3.53358056276405 5.48843677297028 0.644101647895055 3.12771513608885 2.59882327231175 3.14649405506138 4.98578355764039 1.43631552229635 1.02679291041568 4.52788757742383 3.06755341589451 3.18114373716526 1.90560980699956 4.20934531488456 1.25636161887087 2.54886153386906 0.680876562837511 2.3707356734667
2 2.56763435199804 1.27606984610692 4.70245518791933 4.31433310728823 2.82097124813502 1.29527359858004 2.13017375307036 -0.62839544056407 -5.17279397911584 -0.472558425636519 4.2973071466647 2.14442122675914 1.16501947049983 4.25569103565067 1.32618095492944 0.581232273252681 4.23962922184728 2.14734763838351 3.35106116021052 4.48021558928303 2.8764733648859 1.42858664388768 0.575705379014835 4.28534807753749
2 2.73676988581373 3.90647695565626 4.72529895668054 2.41545531604989 2.99787784605207 1.44772728087183 -1.06778827838599 7.07702698415897 2.36579221179476 4.5076562795282 1.30809832155572 2.00898138226853 3.9976407494396 2.39212422049604 0.863341947551817 4.7369904757943 4.32100032572635 2.03697148710489 2.33928506146185 4.7549564007204 3.00263474695385 0.621353416936472 1.905718249036 0.932486836099997
2 4.51650599351087 0.391806241692278 3.1039712845639 1.57591796658381 2.50977583150842 4.52177575794328 7.17199658581228 -6.13122677117604 3.6804763451839 4.73809093565678 0.342242169565969 2.81456245196266 0.65963560831733 0.65100274165161 4.6361588826403 0.359233015915379 4.81683371821418 2.79247277416289 4.46187135879882 0.949214202119038 2.48052949900739 2.95900898869149 4.04624502756633 0.337312599876896
2 5.4300663135701 -1.12806533375931 4.27394350857814 4.96384377183861 9.67756039506517 -1.6942447518387 3.40205764820407 2.41885317508465 2.24747537696807 2.43172020334766 0.0877679951458061 0.825573515682402 0.895881291944534 4.29284899379127 4.37040613731369 2.29095148853958 2.25060344324447 0.860620884923264 3.66258786874823 4.26297787460499 4.97383016045205 3.56607866706327 2.29814701364376 0.0365586334373802
2 1.31229824818833 2.90137163184934 4.37180051128564 4.86333220647405 4.61824553695992 4.54419843833133 4.13932464537129 1.86055190515849 2.55132839930868 0.736624628170756 2.60084884671639 3.65905300218663 2.81189157161862 4.7802718624007 4.5425294036977 1.8477833038196 0.872184542240575 2.89322524447925 1.30906990496442 4.44794009905308 4.61772394948639 4.13635337143205 2.54993178532459 3.36180022102781
2 0.961501208523774 2.43426805693806 4.58119981396681 2.47811322098652 2.76467549955835 -0.292688564161813 4.29921115602523 0.943584349069029 3.13725189575669 2.45999474858101 1.72913489150618 1.88654829850097 2.39807075355202 0.089122517965734 1.4220709935762 0.975762237794697 2.40436503197998 1.64590140921064 1.01287074387074 4.7651059483178 2.19983395305462 4.44499170524068 3.3277427055873 1.21585581451654
2 1.14379554168651 4.87071296907046 0.537105471479933 4.24479538293086 1.64237598297715 0.865061667608823 -0.33548920973305 3.6975458008693 2.50669969339837 3.99360023418364 -9.94627117017823 -2.01316099297732 4.88824628060684 4.27354724379256 0.782103543169796 1.43252440844662 4.01000170735642 2.06213711644523 1.16111678420566 0.520878147799522 1.65900703170337 2.21140385838225 2.56539767608047 4.28233211510815
2 2.65479819164769 3.48709987710836 4.00021365694277 0.643893224864142 2.77542511214659 2.38834081513699 1.49819337246387 0.55822525811089 1.59814846661656 1.50951264894049 3.79365781995527 3.88981019900923 3.48597537260503 0.361681939102709 2.14911566348746 0.441298045916483 1.42417500144802 3.91179646132514 2.64614734449424 3.82156030274928 2.7181440545246 1.51819177088328 1.5621970652137 3.79363087820821
2 2.81338201520045 3.49450343110444 3.93207785220117 1.46790094470165 0.843498267466595 4.63886657089472 1.24542968130882 1.77430786801533 3.19008239575507 2.60006521200788 3.29250313405545 3.70846007569224 4.20055992086418 1.45538703422062 4.51647843583487 1.76402846584097 4.81124231941067 3.70344768511131 2.39780482370406 3.95731372525916 1.24222331563942 1.25994320493191 3.20397239993326 3.28252473496832
2 3.84163491578155 3.19050299090886 2.06134095225352 4.70659972092801 2.46463498685495 0.512908053586142 1.21874777765553 2.03247275624999 2.50581950596751 1.22556486847954 6.44563597250242 7.80409168270545 1.0359372117091 4.62611752329394 0.405915614683181 2.01144420425408 1.28239059820771 2.960014968412 2.86329039488919 2.18716661562212 2.55214909324422 1.21269869036041 2.45772870839573 4.653027219465
2 3.92103491985506 4.18040474342881 4.50647461882302 1.45064236459781 1.89284136850137 5.23440411915072 9.97898129398864 0.18454150835989 1.09555159585731 0.0766746281589539 -25.3453501077607 -1.51846778790272 4.15449673542753 1.37696845806204 4.09842796158046 4.91238912451081 0.0685531238559633 3.32892478909343 3.92576741753146 4.0996554645244 1.42213108018041 3.56824928312562 1.03729464579374 1.53062187950127
2 0.381847410598952 0.270292235070461 0.971857069405074 1.26283699318318 3.79686809140977 1.25679900409127 0.908446154357693 3.76679838796886 2.2110705648227 0.287266834203579 -1.22428964772082 0.449994876977246 0.122603145428002 1.24430210096762 1.26556517323479 3.70445242733695 0.310617276700214 1.31495857145637 0.39057937450707 0.979400573996827 3.78172657219693 1.04509526165202 2.25447911652736 0.822995632188395
2 3.49976325905512 2.37764955259572 2.44004436855327 3.2808592034162 0.7975586331082 3.94936614620451 1.38897981512699 4.65522036336719 2.769903973075 3.54109112121069 4.67739741732695 0.333342468802896 2.38657821319066 3.5110863938462 3.95177394733764 4.86214467673562 3.68761650752276 0.342453748453408 3.49248669110239 2.22316151601262 0.829030815511942 1.29740906180814 2.7265099924989 4.67440707609057
2 -1.18169546414259 5.54360414974742 0.464702406595723 0.604074632032178 4.25587815066403 1.55268572340122 1.11380004659146 0.600836435080439 1.69726539294764 0.836106465757763 0.124555044321566 3.59387605441484 1.94498005206697 0.601538883056492 2.216521325754 0.567050523823127 0.854106703773141 3.71279787737876 0.737719530006871 0.500240520341322 3.80285804509185 1.45729757845402 1.71209443476982 0.100582189625129
2 2.9941697971075 2.39780742858753 4.69255414053434 0.984742093867456 0.89643693629007 4.18225687261085 -0.8476780875109 4.94606238666573 3.45780755030464 2.58023970954024 1.37474501830605 0.635388672351251 2.41364171961322 0.925596797605976 4.12029553903267 3.02686958340928 2.54543187795207 0.630603581666946 3.00368073163554 4.73963321303017 0.90158729115501 0.473257234552875 3.6202533938922 1.37000280083157
2 4.79224758277599 2.39286378240589 5.49785994298476 1.38306631312287 2.40809937801661 4.63696164768155 2.38268723824236 3.21719563811635 5.29979210866215 3.28515457488986 4.59022188216412 4.42262805523078 2.39078444195911 2.2015991085209 4.64734559413046 3.00127030932344 3.70044659124687 4.42570781800896 4.95976161211729 4.78916671127081 2.40579945850186 2.20068803871982 4.97373321792111 4.57560618640855
2 1.26382063982618 8.59187614470832 0.27957032593354 4.01196856695824 3.45155770762768 2.89133060944805 12.632146599896 16.4059851052188 1.68159401845139 1.16520371089768 0.824549913815091 3.42792768659016 1.93232883932069 3.43908774084412 3.28265940421261 1.36157993343659 1.5550658502616 3.24110436951742 4.58015233627521 0.201638848520815 3.52402264252305 3.08522792183794 1.43219026736915 0.767230627825484
2 -7.96868353881804 -9.55325421654146 3.97626212305925 3.54018534509493 3.43489258453921 0.698049481640731 4.92484988140062 2.89294850984845 1.31901130328869 1.57787322738176 4.73159674121989 -0.0113192089984399 4.08649026066996 2.92498303810135 0.645429560681805 2.86405517952517 1.55958189046942 0.971204912057146 4.32221746188588 4.41232412704267 4.07538643688895 4.91065230919048 1.32636012625881 4.25171787617728
2 1.9906466758988 0.550426567290725 1.70414407892673 1.36353960396301 5.89617447239849 2.16389735999015 10.2349593791631 7.07144391629035 2.29603176009997 3.3397386463376 3.25795928454911 4.86515546822847 0.15403681434691 1.36603931547143 2.22035916638561 3.55937066487968 3.36156528908759 4.95735612348653 1.00879161152989 1.6993374354206 4.93992084171623 4.16285947547294 2.26417760830373 2.96885503223166
2 3.58108779553815 -0.0204447523841768 0.156277592839363 3.90866273015657 1.97982864460023 0.901795556354224 4.23808021539974 0.019617032978301 3.40149452685617 1.24985072719248 4.67138903974509 4.46298710141984 0.0665018253494054 3.97443562629633 0.884861970553175 0.757974971784279 2.71550517878495 4.47539538843557 3.55712170596235 0.135234039044008 1.98866242193617 3.52398857008666 2.42437094333582 4.67358556808904
2 3.09666498864528 3.89557230241097 1.17634836211588 3.87364043876172 2.8904526492964 1.61328210061528 2.65534300832433 0.0170490191970104 -0.680540044199164 1.75480652832883 0.443671589882862 1.00439666597305 4.13873204728588 4.0657720156014 1.69140344951302 0.0148909038398415 3.34464211948216 0.847641030559316 3.61050937790424 1.0061608266551 1.92911766236648 2.65740691917017 1.40221539302729 0.183837208896875
2 1.4225600981163 4.35094814877886 2.68530917937796 2.02783833395457 0.737898774440554 0.409367902252195 5.11386468304154 4.33097114682285 0.928529134070627 4.3040001956054 3.55902384899879 3.27796936100052 4.32855150080286 2.63247881433927 0.206221375847235 4.89025710499845 4.27413680125028 3.36311319493689 1.38829934061505 3.74001429183409 0.706785237416625 4.95321730268188 0.919436620315537 3.61647756304592
2 1.49285329064252 4.39279890430053 1.66761343292827 2.61959873340986 4.26054425697857 0.675836716300765 2.1679507997968 2.53191024312575 4.95778748138696 2.95177536719338 3.19320315845468 3.59803527643216 3.58255544793792 0.882272862363607 0.700023930985481 2.8075750824064 3.03309654118493 3.66562622366473 2.21778090228327 1.28645968623459 4.29750274633989 2.2132471203804 4.70065872068517 3.24312661425211
2 2.4386378881878 -0.11158120061008 1.09741367872013 1.61402105403679 3.09516875106984 2.03403080808519 1.38948553584669 2.90725788569926 4.53413302640626 -0.00813416737535011 2.5811666605914 0.0273010053209684 1.89120236318558 1.5824469528161 2.03903967165388 2.62526805512607 3.15816874732263 0.239645167021081 3.37876004283316 1.0565407469403 3.07733488734812 0.774038882227615 1.16200965014286 2.52193904132582
2 4.652495152236 2.44985430662861 0.299665065042823 1.75379884023002 4.75272151958632 0.796664421194637 2.48437474969846 -0.136615775705225 3.38634334882894 4.86345551195404 0.185820334201553 6.07234369047098 2.44949391111732 1.7159005952999 2.03007035772316 0.270222192630172 4.84755926765501 3.61121426220052 4.65263168793172 0.286535003688186 4.83696000301279 4.04499375377782 3.4131891222205 0.358287474373356
2 2.23975676477264 3.99956654969361 4.4865043511042 3.92608680501815 2.74458134233087 3.98446047935565 1.64929159036431 2.13382054958518 2.38379568203733 3.44668880176839 3.70231943027573 2.20587104429676 3.95793718402274 3.82119057467207 4.13277331041172 2.19481797888875 3.42334647430107 2.20977864577435 2.31458938447759 4.64948564185761 2.97668857616372 1.57015663571656 2.5262485537678 3.69966043741442
2 2.2258190426895 -1.28927076111899 2.40119772074173 4.15287825079774 2.61472670098017 1.67300443634448 0.853179902309651 1.61121631679327 1.28577203985469 4.35490911307168 4.02699279016518 4.24782096406676 0.725786394905299 4.34951261966489 1.61017717677169 1.75738278310746 4.74732444621623 3.98388412897475 0.479875860037282 2.42401181138121 2.61270271847025 1.00812623975798 0.257458154810593 3.81821437971666
2 2.64575657049214 0.57375103238526 9.8292668741937 8.62182634549836 4.34762676565506 0.322821824505232 -1.66719705442124 3.31033711867054 4.7447137810135 0.16086968411007 2.1113145963286 3.52196018717405 0.744838012615219 1.38436255860142 0.406195351388305 4.16040671407245 0.779689946211874 3.46503661945462 3.21649567224085 4.78745053173043 4.95349799981341 0.301206562435254 4.17804435011931 1.98751499410719
2 4.76222208642239 1.94344405724715 2.91143108690754 1.63855509112709 3.98163879544206 3.88974425498764 1.83791267534131 2.75005074932221 0.0726879104408985 3.05649708843435 3.9497985916154 1.9758772183395 1.88616886618547 1.77498892880976 3.5540999728255 2.74606988066807 3.02883513271809 2.05963724292815 4.68440426979214 3.00231529865414 4.7512061917223 1.84010630124249 0.143020320683718 3.79252298502252
2 3.08852372946805 2.93476717918833 0.564516189178769 2.84211555215998 4.29351719390491 2.38567481246341 4.29412892558489 0.0251064378264428 1.44243978706172 3.69597696096783 0.556968584580251 1.56454415364754 2.41358339553699 2.9522596183233 2.38941713701934 0.0724518520291895 3.92306851223111 1.56449355417863 3.1193519430235 0.864513039123267 4.28926156833768 4.20407210593112 1.32522437605076 0.542963547632098
2 2.57323992095483 1.55219868004674 2.71216950353275 2.8729598518935 1.41530854135816 1.18876204365757 0.841028760465081 4.58193060762363 0.0484000821694 3.73452061741125 2.26702196539327 1.8875898634449 1.60082924179733 2.99380647717044 1.03643371607177 4.54983938019723 3.76927755889483 1.8627456726972 2.45531583670527 2.72432884434238 1.41119685024023 0.859754928387702 0.0265404209494591 2.27269074763171
2 3.7542995020456 5.52208299301107 1.22923002645729 4.50052328923739 4.10770960076694 0.810767218832236 3.52075638090829 4.8291746155306 8.20712133177749 2.66060992022983 5.00092830516032 1.22774768332205 4.87509637256153 4.50196553487331 0.508159481687471 4.79764144052751 1.94651297060773 1.05736067052931 4.8927415756043 1.22760397614911 4.46954190731049 3.47600151668303 4.75258141173981 4.96164963697083
2 2.23468112857885 2.04652626490641 4.54795244542134 0.72643489030092 2.40401284924643 3.10476163287147 0.819703982877884 5.14162499444509 3.73925181794257 -0.0900370924050224 0.167708569848173 2.78779292465496 2.04034205991775 0.860701772617176 3.0722493887879 4.91255340632051 1.38601651065983 2.49534738482907 2.22494409652427 4.57249116152525 2.23994346451946 1.50093569071032 4.21147187473252 1.45889088278636
2 1.24012300457937 0.375475615500807 0.504729414479418 1.61059562542551 0.287279002902879 0.70433554016633 0.818825856120812 0.659844182822089 3.72627847653381 4.5089710930047 4.72780171181085 3.22988638310801 0.245478940196335 1.64064990822226 0.537078155903146 0.939921039389446 4.19784936704673 3.20375826209784 1.49695078725927 0.27420507161878 0.645312062697485 0.888945128535852 3.71442721807398 4.79625013656914
2 3.0523109116492 0.917752445578899 2.06404060683783 3.48206228834487 1.95830995116928 5.66747701742317 0.144159771626214 0.237629033367862 5.2884709124465 0.283537737440366 0.886519053088744 0.979449363539038 0.905100776581094 3.47167697269469 0.149815171025693 0.287832426838577 1.08272412326187 0.994947319850326 2.89826982887462 2.0452204241883 2.50760959577747 0.0966621283441782 4.60916241747327 0.934230957645923
2 2.98431475754914 2.83465572788118 2.46319404029761 3.63636341234797 1.35061942620252 2.88437396166565 3.33582331872776 1.5775517928201 1.77538700605147 3.22861924327703 4.00603088053203 1.19655483372443 2.84964233636856 3.62242282135412 1.1724318866618 1.39333761995658 2.92187025188468 1.36860836762935 2.99574126023799 2.47017189394683 3.06522984290496 3.67563795880415 1.89721384551376 3.50705863675103
2 0.160487587359019 4.89036081402541 1.93712341726616 3.30696925972713 3.43268240537372 0.75507558492266 0.640245823810476 0.0377938492067426 3.77302162923014 2.85063184207925 0.99178034586191 4.63840638691891 4.65179670485668 3.26446589082479 1.13239050027914 0.106962330173701 2.50818928005174 4.2529010551516 0.680188987171277 1.94340486079454 2.69705441314727 0.652400541584939 4.12786113913171 0.764821652555838
2 -5.34427723030351 -2.96220549024816 0.683006774785964 1.7529868503843 4.38762308047019 1.44773484429234 3.06202828989675 1.064901539263 1.93354517306842 1.6362153814517 3.81722145466067 2.45057900025721 1.31783150951378 1.74567216658033 1.42692835303023 0.971022873418406 1.63306498201564 2.41702072904445 2.37792968400754 0.602754536084831 4.49963849037886 3.15240996424109 1.92458073492162 3.76057356828824
2 3.6021056982802 3.75375841497216 4.26839467800254 2.51220585452777 2.47220320923486 1.95844102148637 4.34197473216224 8.09269407089695 0.717230361574502 4.24914871606522 6.44781043271183 4.78712859138103 2.99402485718019 2.18793408945203 1.95413418812677 4.81811901321635 4.48079411056824 1.66518751299009 4.1443889355287 4.1492734872736 2.45784794678912 2.68797076772898 0.302876369096339 3.93515860545449
2 1.74836010098518 1.56847134229904 1.85903059793904 4.80881211252008 15.8548303907343 -16.0844262991746 4.38215231758572 2.62424061730352 0.607628724032516 4.44178912633705 3.62316868896866 3.42285042469163 1.58775066956878 4.8060964141041 0.148726870538667 2.61491478886455 4.45656155003235 3.34854860790074 1.79047695361078 1.87036249553785 2.27396228350699 4.45018283324316 0.614029949065298 3.88357184478082
2 0.95187556256938 7.89545105775388 0.645971322062669 3.73070597113237 0.856034599090972 1.62441389548721 6.42502413352306 11.7284102142329 1.42127879274709 2.07559514802109 1.72901758722338 4.12501425048743 2.23992640268989 3.65094633889385 1.5853074635379 0.238222799962386 2.12641100282781 3.7992112908978 1.18290894548409 0.170223221648484 0.836720180232078 4.29384765098803 1.22764516738243 2.10432001273148
2 1.36538773786811 3.02231914134913 0.554393608335692 4.99315786060568 6.52381447766719 6.10954432626553 2.77725292754579 3.47203687985503 4.53689681439968 4.85788348176814 2.9266748123719 3.9234656103719 2.48178051202558 4.96746807126328 3.98994553601369 3.47115876502357 4.81422744109295 3.92162583651952 1.41797217656858 0.535863700788468 4.58697508554906 2.83532244269736 4.54703575582244 2.90821577771567
2 5.02948543209433 4.77953536104738 4.93896744786676 3.69640657607582 1.02074427923423 0.178936799790631 1.44358346691504 4.66068749323368 1.07287892068582 2.5765616200298 4.54430426029982 0.150737965706615 4.87871746299788 3.69657069211826 0.200758932624012 4.09975065267645 2.55645276862197 0.0657180824782699 4.93207869585603 4.96719832415693 0.985843457747251 1.22540664975531 1.077444141265 4.57365418085828
2 4.89883974036996 1.81143902818174 0.470663654949297 1.61134101837656 2.85855955435056 3.0832356321478 3.81809597656523 0.146821059596275 1.17604363957427 4.04516377184787 2.40562988485856 1.32239201388758 1.86327899806201 1.62173931952566 3.25340610113926 0.131707864347845 4.06590579543263 1.5032869449351 4.98474519583397 0.46177915064618 3.11056502629071 3.79266080097295 1.14857595763169 2.38521363819018
2 4.00931311212435 2.31402881923572 1.14291760686201 1.76296798191883 3.19778492298312 3.91346558128614 0.530081514827212 0.686211563015558 2.7402974867332 2.26945457006999 0.616582418699405 1.29633839596738 2.36652711522765 1.74212791956961 3.9269963267725 0.700339275645092 2.94974930118769 1.21872067684308 4.03778516571037 1.16403811960481 3.18967621074989 0.491280395071954 4.70201995340176 0.587728162063286
2 0.357341241967063 1.35674024643911 1.31961073706965 3.55873795483828 4.27496663737307 1.02575116341479 0.54991899202017 0.130195714837216 2.3147617133595 2.50266140198375 4.543365452148 2.50798011365117 1.18224651087075 3.9128992811311 1.04862494044937 0.196361594134942 2.49671077472158 2.7155198296532 0.337983726058155 0.274058866780251 4.31432804674841 0.258272628998384 2.38058072514832 4.64371319743805
2 4.0982854299035 3.23383406972881 2.89321969275001 4.06677165835569 0.726117485932966 3.49913284410839 3.44678500027659 3.37792903172662 1.99632074665903 3.55511905096083 4.0970332194058 2.59478270687523 3.22906603571028 3.31961248419248 4.48185893706977 3.44001845340244 4.72112521296367 2.60694359079935 4.10039632581174 0.0172350741922855 0.661012488417327 3.43011211720295 1.08954680967145 4.11086186068133
2 4.08597061740585 1.00485348186324 5.0423566249046 3.64786787941947 1.11172536104783 0.432700431370597 3.7675575668642 4.88240745115975 1.61668215271781 4.1849439034518 3.8860363780347 4.72970510076625 1.05445789871737 3.3258861664217 0.135216694325209 4.02486896608025 4.04653812758625 1.38086010585539 3.99142067879438 4.02515800320543 1.48576237726957 3.78830530098639 1.43983835005201 4.31252381415106
2 2.70844369981049 3.00246385405056 1.23832556109077 -0.647687386856362 1.10767671844063 6.10895089142296 -7.41893479743524 2.4051873870392 1.83353223955112 1.78845979480477 12.8532500366705 10.9610537168914 3.01715874811634 2.91540483362041 1.97309328243136 0.243371373508126 0.98074070061557 3.56552451732568 2.73243325762451 3.09911545482464 1.59407903789543 0.21913603763096 1.98317476781085 4.99631132814102
2 2.68527060626964 4.9561648984699 5.08298098377519 2.41673699727413 1.42428746766504 0.854756377148472 0.930905342398519 0.158027628373909 3.73528665239393 6.66066800516659 3.76594093199043 3.29656814256487 4.93900063331239 2.91563142323866 0.823056549998 0.145338996080682 4.39400727977045 3.29849848523736 2.70525344763882 4.662922489224 1.42435446148738 1.07728544506244 3.598423441872 3.76755723147653
2 1.55402102663761 2.84647121669432 4.48017209630816 0.15091739624586 -2.78227951563135 -0.529228700560433 4.81363737337784 1.89370734480325 3.25786586153991 1.47207397665068 11.3633299302222 1.94474549235667 2.82014585798606 0.131446507293731 0.786000728840008 1.8991713935975 1.3070379360579 2.23171001882292 1.51761658489704 4.49631291208789 2.37812172970735 4.8309015610721 3.11372666037641 4.67721328837797
2 2.32421736091188 6.81106673862151 8.81653809147102 5.22617944671507 5.0504523022921 20.177524491186 2.17969453073706 0.745846779163326 4.399179763136 0.282030215486677 0.15760579052708 0.142800978942674 2.31966372462921 4.69558422337286 1.52642920962535 0.544975121738389 2.39055237732828 0.258395090932027 2.93390447506681 0.405874794814736 2.58761863107793 3.22194427251816 4.09953862079419 0.128020913107321
2 1.2887917057374 2.38716380402936 4.58136506373989 4.44980709121167 0.634135103715711 0.332678234425501 11.8107918491002 -16.3806123559634 1.07688067068592 1.44492059645762 3.29083563518584 1.7532473063983 2.40075880894437 3.28820820199326 0.683381644776091 2.82702420721762 1.44109093002044 0.921135552925989 1.33534718886949 4.36434819363058 1.30310747423209 3.24313361663371 1.04880170547403 2.31856547179632
2 0.669681553092118 2.40853829046085 3.61641325134848 3.63022516153901 0.623074483906055 0.566070243535301 0.0374941271430233 1.72925107865012 3.64777522799315 2.44886052483362 1.75463356307919 1.5395513162846 1.8935639038682 3.6844943894539 0.501119307009503 1.73355782288127 2.41121331113391 1.37636835919693 2.44047555490397 3.67816138546914 0.955211715772748 0.0413572369143367 3.37737736641429 1.0649593709968
2 1.15921872699493 3.85208727608556 2.38464070953572 0.440271323280102 3.85588025394551 2.08491314265078 1.83619354798307 2.5422417911463 2.35531071495904 1.72139204187708 3.61905316012409 1.88390124996997 3.77624185057357 0.497969185234979 0.592492946889251 2.54546195152216 1.33588851429522 2.78227146016434 1.07830567634664 2.83634382649325 3.69623129838146 1.84127026470378 2.38622531178407 3.91259627183899
2 2.65202052281573 3.95294544272152 1.85086927120734 1.2203116719301 1.81170738063749 3.06961883715498 0.313427445274398 0.828580676339685 3.70141254898856 1.44829984971556 0.199114392633937 2.2153081851574 3.96773119806312 1.20061853667721 3.08866110979579 0.599681120365858 0.913401836296543 2.21921898773871 2.6933965284843 2.1711936709471 1.80972322355956 0.165842561982572 3.10154815320857 0.335416623856872
2 1.24696401944437 3.98060476404744 4.10991840403429 2.25105394527791 1.09661834413372 0.154770592859457 4.27266494038766 2.97940058056907 0.30723442388249 2.72506187265903 0.65350636234901 5.88944706631609 4.84213315532543 2.24304780596867 0.318355723284185 2.73834239807911 2.73565523326397 1.93836437771097 1.61750175291672 4.14848829153925 1.39390991651453 4.00197584880516 0.304449335671961 4.11429316853173
2 0.0675159568627328 4.18065181513066 3.45085870034101 0.734471679084991 0.772398371642711 5.00680532077065 2.74106192965873 0.537941692648085 4.70023886196595 3.26232444062199 -5.82890767773463 4.04357343215469 4.17853943887167 0.986178809544072 4.30262615554966 0.819555124035105 3.28951252507977 1.67756688315421 0.0726085773203522 3.19816521601751 2.01815284206532 4.00226660305634 4.70604445668869 0.574575860518962
2 3.72287842734875 4.12229316265558 1.12339190462299 4.43533397904455 1.14175443146635 2.85545730502718 3.09222560978796 0.60864187309656 5.05807396706434 2.84032717369198 2.40077538374554 3.65850251671344 4.11998069263063 4.5586156914942 3.60195370507427 0.593337510945275 2.38394846324809 3.65760866436176 3.76918470486999 1.13054415327497 2.68474041484296 3.40954646235332 4.91734270122834 1.97432296350598
2 0.891934100450578 2.12173448859655 8.32581873180316 -7.91470420345452 1.79205973068974 2.03218631121961 4.43309578102514 3.28275414918996 -0.368909353664997 1.39517153504502 4.90094718654566 3.79392154975904 1.68891846318729 2.22192943678237 1.6801742464304 2.83789964392781 1.00001825718209 3.82404766627587 0.932804140029475 4.35593762435019 1.2989733600989 4.5433017751202 0.34995028981939 4.79959794087335
2 4.61304439513663 3.52655475875421 4.6381135655765 4.72747005303844 3.70067860674309 4.12109266005878 -4.15567637064109 2.54469148290817 3.02747236865821 2.3328369123311 3.20214921823499 4.5558114741983 3.55810307897627 4.60621976177208 4.10835692309774 2.34369724406861 0.56740736705251 4.28992241737433 4.60116885835305 4.36430078698322 3.43361171660945 1.3641307328362 0.348375323228538 0.815957965096459
2 1.46675283166807 1.05228355781716 -2.0964332303934 4.42419803936553 5.35079800665153 4.31118225175174 3.58832352202278 1.92165144991471 4.80869521328357 1.64147672144877 3.69459952634309 4.99316972725558 1.01047954405658 3.36941671208479 3.87459708494134 1.91928121377714 1.64645387791097 4.99008196638897 1.4642988529522 1.67076850077137 3.3505510201212 3.59134765923955 4.83918389305472 3.68199460324831
2 0.651831924927886 0.227388013037696 3.31539451122502 -0.490917356366859 13.8621396710634 -4.95083833492197 3.47461903454296 0.784344827630862 1.0301140198701 1.54799049453746 4.14094037645363 2.60223368525709 0.524179761996493 0.156534690177068 0.261892463313416 0.775748912710696 1.55042300932109 2.4004015349783 0.846782458247617 4.23300864989869 4.86272527254187 3.49069607676938 1.02777477470227 4.67463516164571
2 3.56910596426231 0.782459769678042 0.284475539776129 2.7142967439107 1.08874203710664 4.50988751240856 4.5487870630832 4.01689361075544 4.73537952466819 0.760652115749976 1.9615308183633 6.63665066210613 0.739461866905913 3.06815948802978 4.46624979726039 4.57031228579581 0.752564248396084 3.70568998623639 3.68408429203555 0.136487189447507 1.16705414024182 4.92520661675371 4.69724163645878 3.00236063776538
2 4.55933766470975 0.624436426761591 2.18948937226217 1.26522157551136 4.52573654932424 2.9004723514652 1.50363148720292 1.50813659555677 2.09770398931324 0.250260514896999 3.00944889834439 0.689508507437942 0.52828504703939 1.16877444670536 1.48534201085567 1.47781345876865 0.53618291625753 0.902609979966655 3.44859180506319 2.11578628630377 4.02465781080537 1.69334261212498 2.17335295747034 3.02681253873743
2 0.360944575325419 4.40961015259471 3.32943744937289 1.10701902272958 3.82387024066999 2.82848322545842 4.94378897455407 3.76811589513439 0.975979593901113 1.94777783232295 -0.0752614363988613 0.876044350282057 4.47708118474111 1.60384407732636 2.92823269264773 3.74254225636832 2.00960087706335 3.65534192998894 0.32421812764369 3.62354562268592 3.78788691363297 4.98599449987523 1.20754878851585 0.855765304295346
2 3.56837475944003 0.77594722016564 1.60581068091498 5.59700962611283 2.61236849031434 3.65252865501731 4.62984694251084 4.15590040875137 0.344025386861339 2.17050831128548 4.37000775878611 7.52376147732606 0.0296461163088679 4.64718180010095 3.67178721935488 4.15975896292366 3.20081998943351 3.16637801704928 4.92883587023243 1.26057273359038 2.5788008084055 4.63094962760806 1.14948318107054 0.923892011633143
2 1.66587419730196 3.16450813164199 -0.0752814194456066 4.85923928876783 4.88177794235101 0.459494192614932 0.730747892046774 -1.13348264994005 4.51860212248737 3.43886591734532 0.379365947146199 3.4063853286205 3.21345260948874 4.90488499403 0.614854850573465 0.342460667015985 3.85037274798378 3.26706659863703 1.61945299827494 0.022845696657896 4.99887033132836 1.87053000321612 4.81647016247734 0.400167626794428
2 3.40675829338285 2.2696535058202 0.679313492690731 -2.41038572005399 -7.44305638094289 0.627568236876507 1.93581511768921 4.21931311949743 3.11839464511617 4.55650557881085 3.60201114522896 0.254478745371239 2.19740298576653 2.92505190824158 2.80346857849509 2.33271193807013 4.29170882096514 0.246085859835148 3.36783623322845 4.23288174904883 1.82337698061019 1.43059291061945 3.22375957737677 3.5584334062878
